CB6 : O3_O1D NASA2006
! j(O3_O1D) NASA(2006)                      
! O3 = O1D                                 
! From http://jpldataeval.jpl.nasa.gov/pdf/Jpl15_Sectn4_PhotoChemData.pdf
! Table 4-5 and 4-6 11/20/2006
! These are point values
!WL(um)        XSEC(cm2)        QY             
  0.2797   4.0600E-18    0.9000          
  0.2837   2.8200E-18    0.9000          
  0.2878   1.8400E-18    0.9000          
  0.2920   1.1300E-18    0.9000          
  0.2963   6.5100E-19    0.9000          
  0.2990   4.5200E-19    0.9000          
  0.3000   3.9200E-19    0.9000          
  0.3010   3.4300E-19    0.9000          
  0.3020   3.0300E-19    0.9000          
  0.3030   2.6200E-19    0.9000          
  0.3040   2.3400E-19    0.9000          
  0.3050   2.0100E-19    0.9000          
  0.3060   1.7900E-19    0.8840          
  0.3070   1.5500E-19    0.8620          
  0.3080   1.3500E-19    0.7930          
  0.3090   1.2200E-19    0.6710          
  0.3100   1.0200E-19    0.5230          
  0.3110   9.2400E-20    0.3940          
  0.3120   7.9500E-20    0.3100          
  0.3130   6.9100E-20    0.2650          
  0.3140   6.2500E-20    0.2460          
  0.3150   5.1900E-20    0.2390          
  0.3160   4.7700E-20    0.2330          
  0.3170   4.0200E-20    0.2220          
  0.3180   3.7200E-20    0.2060          
  0.3190   2.8900E-20    0.1870          
  0.3200   2.9900E-20    0.1660          
  0.3210   2.1000E-20    0.1460          
  0.3225   2.0500E-20    0.1210          
  0.3245   1.4100E-20    0.0970          
  0.3265   1.0100E-20    0.0840          
  0.3290   7.8600E-21    0.0800          
  0.3300   6.9700E-21    0.0800          
  0.3350   3.2000E-21    0.0800          
  0.3400   1.4600E-21    0.0800          
  0.3450   7.7900E-22    0.0800          
  0.3500   3.0600E-22    0.0800          
  0.3550   1.3600E-22    0.0800          
  0.3600   6.9400E-23    0.0800          
  0.3650   3.0500E-23    0.0800          
  0.3700   1.3000E-23    0.0800          
  0.3750   8.5000E-24    0.0800          
  0.3800   5.7200E-24    0.0800          
  0.3850   5.4200E-24    0.0800          
  0.3900   6.6800E-24    0.0000          
                                         
