CB6 : O3_O3P NASA2006
! j(O3_O3P) NASA(2006)                    
! O3 = O                                 
! These are point values
!WL(um)        XSEC(cm2)        QY           
  0.2797   4.0600E-18    0.1000        
  0.2837   2.8200E-18    0.1000        
  0.2878   1.8400E-18    0.1000        
  0.2920   1.1300E-18    0.1000        
  0.2963   6.5100E-19    0.1000        
  0.2990   4.5200E-19    0.1000        
  0.3000   3.9200E-19    0.1000        
  0.3010   3.4300E-19    0.1000        
  0.3020   3.0300E-19    0.1000        
  0.3030   2.6200E-19    0.1000        
  0.3040   2.3400E-19    0.1000        
  0.3050   2.0100E-19    0.1000        
  0.3060   1.7900E-19    0.1160        
  0.3070   1.5500E-19    0.1380        
  0.3080   1.3500E-19    0.2070        
  0.3090   1.2200E-19    0.3290        
  0.3100   1.0200E-19    0.4770        
  0.3110   9.2400E-20    0.6060        
  0.3120   7.9500E-20    0.6900        
  0.3130   6.9100E-20    0.7350        
  0.3140   6.2500E-20    0.7540        
  0.3150   5.1900E-20    0.7610        
  0.3160   4.7700E-20    0.7670        
  0.3170   4.0200E-20    0.7780        
  0.3180   3.7200E-20    0.7940        
  0.3190   2.8900E-20    0.8130        
  0.3200   2.9900E-20    0.8340        
  0.3210   2.1000E-20    0.8540        
  0.3225   2.0500E-20    0.8800        
  0.3245   1.4100E-20    0.9040        
  0.3265   1.0100E-20    0.9160        
  0.3290   7.8600E-21    0.9200        
  0.3300   6.9700E-21    0.9200        
  0.3350   3.2000E-21    0.9200        
  0.3400   1.4600E-21    0.9200        
  0.3450   7.7900E-22    0.9200        
  0.3500   3.0600E-22    0.9200        
  0.3550   1.3600E-22    0.9200        
  0.3600   6.9400E-23    0.9200        
  0.3650   3.0500E-23    0.9200        
  0.3700   1.3000E-23    0.9200        
  0.3750   8.5000E-24    0.9200        
  0.3800   5.7200E-24    0.9200        
  0.3850   5.4200E-24    0.9200        
  0.3900   6.6800E-24    1.0000        
  0.3950   9.5600E-24    1.0000        
  0.4000   1.1500E-23    1.0000        
  0.4050   1.5800E-23    1.0000        
  0.4100   2.5800E-23    1.0000        
  0.4150   2.9500E-23    1.0000        
  0.4200   3.9300E-23    1.0000        
  0.4250   6.5600E-23    1.0000        
  0.4300   6.9700E-23    1.0000        
  0.4350   8.8200E-23    1.0000        
  0.4400   1.3700E-22    1.0000        
  0.4450   1.6500E-22    1.0000        
  0.4500   1.8500E-22    1.0000        
  0.4550   2.1800E-22    1.0000        
  0.4600   3.6600E-22    1.0000        
  0.4650   3.6700E-22    1.0000        
  0.4700   4.1000E-22    1.0000        
  0.4750   4.8100E-22    1.0000        
  0.4800   7.5400E-22    1.0000        
  0.4850   8.1300E-22    1.0000        
  0.4900   8.1600E-22    1.0000        
  0.4950   9.0800E-22    1.0000        
  0.5000   1.2100E-21    1.0000        
  0.5050   1.6000E-21    1.0000        
  0.5100   1.5800E-21    1.0000        
  0.5150   1.6600E-21    1.0000        
  0.5200   1.8300E-21    1.0000        
  0.5250   2.1900E-21    1.0000        
  0.5300   2.6700E-21    1.0000        
  0.5350   2.8700E-21    1.0000        
  0.5400   2.9500E-21    1.0000        
  0.5450   3.1900E-21    1.0000        
  0.5500   3.3700E-21    1.0000        
  0.5550   3.5800E-21    1.0000        
  0.5600   3.9800E-21    1.0000        
  0.5650   4.3900E-21    1.0000        
  0.5700   4.6700E-21    1.0000        
  0.5750   4.8100E-21    1.0000        
  0.5800   4.6400E-21    1.0000        
  0.5850   4.4600E-21    1.0000        
  0.5900   4.4700E-21    1.0000        
  0.5950   4.7600E-21    1.0000        
  0.6000   5.1300E-21    1.0000        
  0.6050   5.1400E-21    1.0000        
  0.6100   4.7800E-21    1.0000        
  0.6150   4.3800E-21    1.0000        
  0.6200   4.0600E-21    1.0000        
  0.6250   3.8200E-21    1.0000        
  0.6300   3.5600E-21    1.0000        
  0.6350   3.2700E-21    1.0000        
  0.6400   2.9700E-21    1.0000        
  0.6450   2.7100E-21    1.0000        
  0.6500   2.5100E-21    1.0000        
  0.6550   2.3100E-21    1.0000        
  0.6600   2.1000E-21    1.0000        
  0.6650   1.9000E-21    1.0000        
  0.6700   1.7000E-21    1.0000        
  0.6750   1.5100E-21    1.0000        
  0.6800   1.3700E-21    1.0000        
  0.6850   1.2600E-21    1.0000        
  0.6900   1.1300E-21    1.0000        
  0.6950   9.8900E-22    1.0000        
  0.7000   8.6800E-22    1.0000        
  0.7050   7.8400E-22    1.0000        
  0.7100   7.3100E-22    1.0000        
  0.7150   6.9600E-22    1.0000        
  0.7200   6.2200E-22    1.0000        
  0.7250   5.4300E-22    1.0000        
  0.7300   4.7800E-22    1.0000        
  0.7350   4.4200E-22    1.0000        
  0.7400   4.3200E-22    1.0000        
  0.7450   4.4700E-22    1.0000        
  0.7500   4.2500E-22    1.0000        
  0.7550   3.3800E-22    1.0000        
  0.7600   2.8600E-22    1.0000        
  0.7650   2.6200E-22    1.0000        
  0.7700   2.6000E-22    1.0000        
  0.7750   2.9400E-22    1.0000        
  0.7800   3.1800E-22    1.0000        
  0.7850   2.6200E-22    1.0000        
  0.7900   2.0800E-22    1.0000        
  0.7950   1.7300E-22    1.0000        
  0.8000   1.5700E-22    1.0000        
  0.8050   1.5600E-22    1.0000        
  0.8100   1.8600E-22    1.0000        
  0.8150   2.2100E-22    1.0000        
  0.8200   2.0600E-22    1.0000        
  0.8250   1.4500E-22    1.0000        
  0.8300   8.4000E-23    1.0000        
  0.8350   2.3000E-23    1.0000        
  0.8400   0.0000E+00    1.0000        
                                       
