206.41	6.02E-22
208.99	6.82E-22
212.18	5.60E-22
216.66	5.28E-22
219.86	5.05E-22
223.07	4.82E-22
226.92	9.87E-22
230.12	1.08E-21
235.26	2.34E-21
238.47	2.96E-21
242.33	4.23E-21
245.57	6.80E-21
247.52	9.38E-21
250.11	1.13E-20
252.05	1.32E-20
254.01	1.58E-20
255.32	1.84E-20
257.91	2.10E-20
259.23	2.36E-20
261.18	2.61E-20
262.49	2.87E-20
263.15	3.00E-20
264.45	3.13E-20
265.75	3.32E-20
267.07	3.58E-20
268.39	3.91E-20
270.33	4.03E-20
272.26	4.16E-20
272.92	4.29E-20
274.23	4.55E-20
274.9	4.74E-20
275.56	4.94E-20
277.5	5.06E-20
278.16	5.20E-20
279.43	5.13E-20
280.71	5.13E-20
282.02	5.32E-20
282.68	5.52E-20
282.7	5.64E-20
284.64	5.84E-20
286.55	5.71E-20
288.46	5.58E-20
289.73	5.51E-20
290.38	5.64E-20
291.68	5.77E-20
292.97	5.83E-20
294.23	5.64E-20
295.49	5.51E-20
296.11	5.31E-20
296.72	5.05E-20
297.98	4.92E-20
299.9	4.92E-20
301.83	4.98E-20
303.73	4.79E-20
304.99	4.59E-20
306.19	3.94E-20
306.24	4.33E-20
306.8	3.75E-20
308.07	3.62E-20
309.98	3.55E-20
312.54	3.48E-20
313.14	3.22E-20
314.39	2.96E-20
315.63	2.64E-20
316.24	2.38E-20
316.85	2.12E-20
317.46	1.93E-20
318.73	1.79E-20
321.92	1.66E-20
322.53	1.47E-20
323.14	1.21E-20
324.4	1.01E-20
326.3	8.81E-21
327.57	7.51E-21
329.46	5.55E-21
330.09	4.25E-21
332	3.59E-21
334.56	3.57E-21
336.47	2.26E-21
339.02	9.43E-22
340.93	2.81E-22
342.84	1.13E-22
345.4	2.96E-23
