205.5307	2.00E-19				
205.8882	1.92E-19				
206.1406	1.83E-19				
206.3934	1.74E-19				
206.5509	1.66E-19				
206.7989	1.57E-19				
206.9375	1.46E-19				
207.1183	1.41E-19				
207.4758	1.34E-19				
207.842	        1.26E-19				
208.2995	1.18E-19				
208.857   	1.10E-19				
209.0044	9.91E-20
209.4666	9.22E-20
209.9379	8.62E-20
210.6994	7.75E-20
211.2566	6.89E-20
212.4228	6.11E-20
212.9847	5.34E-20
213.5513	4.65E-20
214.1179	3.96E-20
215.8932	3.27E-20
217.0736	2.75E-20
218.8537	2.14E-20
221.2523	1.80E-20
222.4469	1.54E-20
226.0731	1.54E-20
229.7041	1.62E-20
235.1435	1.62E-20
237.5704	1.79E-20
239.9926	1.87E-20
242.4149	1.96E-20
245.4415	2.04E-20
247.2546	2.04E-20
249.0772	2.21E-20
251.4899	2.12E-20
253.3125	2.29E-20
255.1304	2.38E-20
257.5573	2.55E-20
259.989	        2.81E-20
262.4159	2.98E-20
264.8381	3.06E-20
267.2698	3.32E-20
268.4927	3.58E-20
269.7062	3.66E-20
271.5287	3.84E-20
275.7688	4.00E-20
278.1958	4.18E-20
279.4187	4.43E-20
281.8409	4.52E-20
284.2537	4.43E-20
286.0621	4.34E-20
287.8705	4.26E-20
290.9018	4.43E-20
292.7102	4.34E-20
294.5139	4.17E-20
295.7085	3.91E-20
297.5074	3.65E-20
301.1148	3.30E-20
303.5323	3.30E-20
304.7363	3.21E-20
306.5305	2.86E-20
308.3248	2.52E-20
309.5194	2.26E-20
310.7187	2.09E-20
311.9133	1.83E-20
313.7169	1.65E-20
315.5206	1.48E-20
317.9381	1.48E-20
319.7465	1.39E-20
320.9458	1.22E-20
322.7448	9.58E-21
325.1481	6.97E-21
326.3474	5.24E-21
328.1511	3.51E-21
331.1682	2.63E-21
334.1901	2.61E-21
336.0032	2.60E-21
338.416	        1.72E-21
342.0375	8.34E-22
345.0594	8.15E-22
348.6857	7.92E-22
352.3214	2.49E-21
354.7436	3.34E-21
358.9836	5.04E-21
362.0197	7.61E-21
365.6554	9.31E-21
368.6914	1.19E-20
372.3318	1.44E-20
374.7682	1.79E-20
377.1952	1.96E-20
379.6316	2.30E-20
382.0632	2.56E-20
384.5044	2.99E-20
385.7273	3.25E-20
387.5593	3.59E-20
389.9957	3.93E-20
391.8277	4.28E-20
393.655	        4.53E-20
395.4776	4.71E-20
396.0961	4.96E-20
398.5278	5.22E-20
400.9594	5.48E-20
402.7915	5.82E-20
404.0191	6.17E-20
405.8558	6.60E-20
407.0835	6.94E-20
408.3064	7.20E-20
409.5435	7.71E-20
410.1667	8.06E-20
411.3897	8.32E-20
412.6126	8.57E-20
413.8355	8.83E-20
415.0537	9.00E-20
416.8621	8.92E-20
418.0898	9.26E-20
419.3032	9.35E-20
421.1258	9.52E-20
421.7443	9.78E-20
424.7709	9.86E-20
425.3517	9.43E-20
426.5746	9.69E-20
427.755	        9.17E-20
428.3736	9.43E-20
430.1772	9.25E-20
431.4238	9.94E-20
432.59	        9.17E-20
434.4551	1.01E-19
435.0359	9.68E-20
436.3013	1.07E-19
437.4486	9.59E-20
438.0294	9.16E-20
439.9228	1.06E-19
440.4894	9.94E-20
441.056	        9.25E-20
442.9116	1.00E-19
444.0684	9.07E-20
445.3669	1.07E-19
445.9052	9.50E-20
447.0336	8.04E-20
447.6994	9.16E-20
449.4795	8.55E-20
450.7543	9.76E-20
451.8875	8.38E-20
452.0541	7.69E-20
452.4069	6.83E-20
452.7644	6.05E-20
452.9215	5.19E-20
454.1964	6.39E-20
454.7252	5.01E-20
455.3012	4.50E-20
455.8678	3.81E-20
456.4391	3.20E-20
457.6148	2.60E-20
458.7905	1.99E-20
459.9615	1.30E-20
460.5328	6.99E-21
461.718	        2.67E-21
464.7209	7.98E-22
466.5246	2.53E-22
470.1508	1.56E-22
473.7724	5.44E-23
