200.120	7.712E-21
201.400	7.058E-21
203.010	6.723E-21
203.340	6.720E-21
203.660	6.718E-21
203.990	7.357E-21
204.320	7.355E-21
204.640	7.352E-21
205.290	7.346E-21
206.570	6.693E-21
207.210	6.044E-21
207.520	5.720E-21
208.160	4.751E-21
208.790	4.103E-21
209.110	3.778E-21
209.430	3.776E-21
209.760	3.773E-21
211.060	4.726E-21
211.390	5.044E-21
211.720	5.363E-21
212.030	4.718E-21
212.350	4.393E-21
212.670	3.748E-21
213.300	3.100E-21
213.940	2.452E-21
214.900	1.801E-21
215.540	1.152E-21
216.180	1.147E-21
217.460	4.931E-22
218.760	4.820E-22
220.050	1.496E-22
221.340	1.385E-22
223.600	1.191E-22
225.220	4.266E-22
226.840	4.127E-22
227.810	4.044E-22
229.110	7.147E-22
230.400	1.025E-21
231.700	1.335E-21
233.330	1.964E-21
234.630	2.596E-21
235.610	3.230E-21
237.230	3.537E-21
238.210	4.172E-21
239.510	4.803E-21
241.140	5.432E-21
242.770	6.382E-21
243.430	7.019E-21
244.730	7.651E-21
246.030	8.283E-21
247.010	8.596E-21
248.320	9.870E-21
249.620	1.050E-20
250.280	1.146E-20
251.590	1.241E-20
252.580	1.369E-20
253.240	1.465E-20
254.230	1.560E-20
254.890	1.656E-20
255.870	1.752E-20
256.530	1.848E-20
257.200	1.976E-20
257.860	2.072E-20
259.500	2.199E-20
260.160	2.295E-20
261.140	2.390E-20
261.810	2.486E-20
262.470	2.582E-20
263.450	2.677E-20
264.110	2.773E-20
265.100	2.901E-20
266.090	2.996E-20
266.740	3.060E-20
267.730	3.188E-20
268.720	3.283E-20
269.380	3.379E-20
270.050	3.539E-20
271.040	3.667E-20
271.380	3.763E-20
272.040	3.859E-20
272.380	3.955E-20
273.040	4.051E-20
273.690	4.115E-20
274.340	4.114E-20
274.660	4.082E-20
274.980	4.082E-20
275.620	4.049E-20
276.270	4.048E-20
276.920	4.048E-20
277.570	4.079E-20
278.230	4.175E-20
278.560	4.239E-20
278.900	4.303E-20
279.230	4.399E-20
279.580	4.528E-20
280.240	4.623E-20
280.560	4.591E-20
281.210	4.623E-20
281.860	4.654E-20
282.190	4.718E-20
282.520	4.718E-20
282.830	4.685E-20
283.150	4.621E-20
283.780	4.556E-20
284.090	4.459E-20
284.730	4.427E-20
285.380	4.426E-20
286.030	4.426E-20
286.360	4.474E-20
286.690	4.521E-20
287.020	4.553E-20
287.340	4.585E-20
287.350	4.633E-20
287.680	4.681E-20
288.000	4.649E-20
288.650	4.680E-20
288.670	4.777E-20
289.000	4.825E-20
289.970	4.808E-20
290.600	4.711E-20
291.230	4.646E-20
292.190	4.581E-20
292.810	4.420E-20
293.120	4.323E-20
294.410	4.258E-20
295.370	4.225E-20
296.350	4.288E-20
297.340	4.384E-20
297.650	4.319E-20
298.290	4.287E-20
298.930	4.222E-20
299.560	4.157E-20
299.870	4.060E-20
300.500	3.963E-20
300.800	3.802E-20
301.460	3.866E-20
302.420	3.833E-20
302.720	3.672E-20
303.030	3.575E-20
303.340	3.511E-20
303.660	3.446E-20
304.300	3.446E-20
304.950	3.477E-20
305.600	3.477E-20
306.240	3.444E-20
306.560	3.380E-20
307.850	3.378E-20
308.490	3.346E-20
308.790	3.217E-20
309.100	3.088E-20
309.410	2.991E-20
310.040	2.927E-20
310.350	2.862E-20
310.990	2.765E-20
311.300	2.701E-20
311.920	2.507E-20
312.880	2.442E-20
313.840	2.377E-20
314.460	2.248E-20
314.780	2.183E-20
315.090	2.119E-20
315.410	2.087E-20
316.050	2.054E-20
316.370	2.054E-20
316.710	2.117E-20
317.350	2.117E-20
317.670	2.052E-20
317.980	1.988E-20
318.930	1.859E-20
319.250	1.826E-20
319.560	1.761E-20
320.190	1.632E-20
320.510	1.600E-20
320.810	1.503E-20
321.470	1.535E-20
322.120	1.567E-20
322.410	1.373E-20
322.420	1.438E-20
322.720	1.309E-20
323.040	1.276E-20
323.350	1.180E-20
323.670	1.180E-20
324.000	1.211E-20
324.970	1.210E-20
325.290	1.178E-20
325.600	1.114E-20
326.250	1.113E-20
326.880	1.016E-20
327.190	9.194E-21
327.500	8.549E-21
328.140	8.222E-21
328.780	7.574E-21
329.750	7.244E-21
330.710	6.914E-21
331.350	6.266E-21
331.660	5.942E-21
332.300	5.294E-21
332.940	4.646E-21
333.580	4.640E-21
334.220	3.992E-21
334.870	3.986E-21
335.190	3.983E-21
335.830	3.657E-21
336.470	3.008E-21
337.440	3.000E-21
337.760	2.676E-21
338.400	2.670E-21
339.050	2.665E-21
339.700	2.659E-21
340.010	2.335E-21
340.330	1.690E-21
340.970	1.363E-21
341.930	1.033E-21
343.550	1.019E-21
344.510	6.898E-22
345.160	3.629E-22
345.470	3.878E-23
