230.83	9.77E-21				
233.49	1.22E-20				
234.54	1.41E-20				
236.12	1.65E-20				
239.34	1.81E-20				
243.15	1.69E-20				
245.32	1.69E-20				
250.17	1.85E-20				
255.04	1.85E-20				
257.75	1.89E-20				
260.99	1.95E-20
265.81	2.20E-20
267.95	2.36E-20
270.07	2.57E-20
272.74	2.76E-20
274.89	2.85E-20
277.58	2.97E-20
279.19	3.04E-20
281.91	2.98E-20
284.63	2.92E-20
285.72	2.92E-20
287.88	2.95E-20
289.5	2.96E-20
291.68	2.90E-20
292.79	2.78E-20
293.35	2.68E-20
293.91	2.59E-20
294.47	2.50E-20
296.12	2.38E-20
297.22	2.32E-20
298.31	2.29E-20
299.94	2.26E-20
301.04	2.20E-20
301.59	2.14E-20
302.69	2.05E-20
303.25	1.99E-20
304.89	1.90E-20
305.45	1.81E-20
306.01	1.72E-20
307.12	1.60E-20
308.23	1.48E-20
308.79	1.39E-20
310.44	1.26E-20
311.54	1.20E-20
313.17	1.14E-20
314.81	1.09E-20
315.9	1.06E-20
317.55	9.35E-21
318.66	8.44E-21
319.76	7.23E-21
320.32	6.62E-21
321.42	5.72E-21
322.52	4.81E-21
325.26	3.62E-21
327.98	2.73E-21
329.62	2.13E-21
332.35	1.24E-21
333.98	9.48E-22
336.16	3.57E-22
340	1.00E-22
351.34	1.00E-22
352.96	2.06E-22
355.12	8.36E-22
358.89	1.79E-21
359.96	2.41E-21
362.13	2.43E-21
364.29	3.06E-21
367.51	4.31E-21
371.27	5.87E-21
373.42	6.81E-21
374.48	8.04E-21
377.71	8.98E-21
379.32	9.91E-21
382.54	1.18E-20
386.78	1.61E-20
389.96	1.98E-20
393.16	2.23E-20
397.43	2.57E-20
401.16	2.87E-20
403.27	3.15E-20
405.88	3.64E-20
407.99	3.95E-20
410.61	4.35E-20
412.16	4.72E-20
415.94	4.81E-20
418.06	5.06E-20
420.73	5.21E-20
423.4	5.43E-20
424.53	5.22E-20
426.11	5.43E-20
427.8	5.13E-20
428.31	5.25E-20
429.43	5.10E-20
430.95	5.62E-20
432.66	5.22E-20
433.11	5.65E-20
433.58	6.02E-20
435.24	5.84E-20
436.19	6.51E-20
436.79	6.23E-20
437.51	5.32E-20
438.37	6.45E-20
439.41	6.66E-20
440.71	5.57E-20
441.16	6.06E-20
441.63	6.39E-20
442.81	5.94E-20
444.32	6.49E-20
445.21	7.43E-20
446.21	5.21E-20
446.48	6.52E-20
447.6	6.37E-20
448.24	5.88E-20
449.41	5.42E-20
449.64	6.98E-20
451.01	5.58E-20
451.23	4.48E-20
451.49	3.23E-20
452.85	4.51E-20
453.55	3.75E-20
454.2	3.20E-20
454.83	2.77E-20
455.43	2.50E-20
456.03	2.22E-20
456.62	1.95E-20
457.22	1.70E-20
457.83	1.37E-20
458.42	1.13E-20
459	9.12E-21
459.58	7.29E-21
460.16	5.46E-21
461.82	3.65E-21
462.93	2.44E-21
465.12	1.54E-21
466.76	9.43E-22
469.47	6.63E-22
