235.030	4.538E-21
235.100	4.566E-21
235.160	4.580E-21
235.230	4.601E-21
235.300	4.620E-21
235.370	4.649E-21
235.440	4.666E-21
235.500	4.680E-21
235.570	4.707E-21
235.640	4.732E-21
235.710	4.744E-21
235.780	4.756E-21
235.840	4.787E-21
235.910	4.799E-21
235.980	4.809E-21
236.050	4.833E-21
236.120	4.857E-21
236.180	4.878E-21
236.250	4.905E-21
236.320	4.928E-21
236.390	4.957E-21
236.460	4.991E-21
236.520	5.017E-21
236.590	5.038E-21
236.660	5.072E-21
236.730	5.098E-21
236.800	5.122E-21
236.860	5.139E-21
236.930	5.170E-21
237.000	5.206E-21
237.070	5.226E-21
237.140	5.242E-21
237.200	5.275E-21
237.270	5.300E-21
237.340	5.319E-21
237.410	5.342E-21
237.480	5.376E-21
237.540	5.412E-21
237.610	5.439E-21
237.680	5.459E-21
237.750	5.486E-21
237.810	5.518E-21
237.880	5.537E-21
237.950	5.562E-21
238.020	5.595E-21
238.090	5.631E-21
238.150	5.658E-21
238.220	5.683E-21
238.290	5.715E-21
238.360	5.747E-21
238.430	5.773E-21
238.490	5.795E-21
238.560	5.825E-21
238.630	5.854E-21
238.700	5.878E-21
238.770	5.903E-21
238.830	5.936E-21
238.900	5.968E-21
238.970	5.998E-21
239.040	6.027E-21
239.100	6.060E-21
239.170	6.096E-21
239.240	6.125E-21
239.310	6.153E-21
239.380	6.186E-21
239.440	6.221E-21
239.510	6.249E-21
239.580	6.278E-21
239.650	6.310E-21
239.720	6.348E-21
239.780	6.378E-21
239.850	6.406E-21
239.920	6.440E-21
239.990	6.468E-21
240.050	6.494E-21
240.120	6.519E-21
240.190	6.549E-21
240.260	6.582E-21
240.330	6.615E-21
240.390	6.643E-21
240.460	6.680E-21
240.530	6.717E-21
240.600	6.742E-21
240.660	6.775E-21
240.730	6.811E-21
240.800	6.846E-21
240.870	6.876E-21
240.940	6.916E-21
241.000	6.952E-21
241.070	6.990E-21
241.140	7.024E-21
241.210	7.062E-21
241.270	7.102E-21
241.340	7.138E-21
241.410	7.170E-21
241.480	7.206E-21
241.550	7.239E-21
241.610	7.274E-21
241.680	7.313E-21
241.750	7.349E-21
241.820	7.382E-21
241.880	7.421E-21
241.950	7.450E-21
242.020	7.481E-21
242.090	7.516E-21
242.160	7.556E-21
242.220	7.589E-21
242.290	7.622E-21
242.360	7.662E-21
242.430	7.704E-21
242.490	7.741E-21
242.560	7.779E-21
242.630	7.821E-21
242.700	7.860E-21
242.760	7.890E-21
242.830	7.923E-21
242.900	7.964E-21
242.970	8.000E-21
243.040	8.033E-21
243.100	8.071E-21
243.170	8.108E-21
243.240	8.144E-21
243.310	8.184E-21
243.370	8.219E-21
243.440	8.254E-21
243.510	8.296E-21
243.580	8.333E-21
243.640	8.367E-21
243.710	8.407E-21
243.780	8.452E-21
243.850	8.490E-21
243.920	8.525E-21
243.980	8.567E-21
244.050	8.614E-21
244.120	8.647E-21
244.190	8.685E-21
244.250	8.731E-21
244.320	8.779E-21
244.390	8.821E-21
244.460	8.867E-21
244.520	8.911E-21
244.590	8.959E-21
244.660	8.997E-21
244.730	9.038E-21
244.800	9.091E-21
244.860	9.146E-21
244.930	9.190E-21
245.000	9.239E-21
245.070	9.289E-21
245.130	9.336E-21
245.200	9.363E-21
245.270	9.412E-21
245.340	9.463E-21
245.400	9.519E-21
245.470	9.574E-21
245.540	9.640E-21
245.610	9.694E-21
245.670	9.754E-21
245.740	9.804E-21
245.810	9.854E-21
245.880	9.915E-21
245.950	9.974E-21
246.010	1.002E-20
246.080	1.008E-20
246.150	1.013E-20
246.220	1.019E-20
246.280	1.025E-20
246.350	1.030E-20
246.420	1.035E-20
246.490	1.041E-20
246.550	1.046E-20
246.620	1.051E-20
246.690	1.056E-20
246.760	1.061E-20
246.820	1.063E-20
246.890	1.068E-20
246.960	1.073E-20
247.030	1.078E-20
247.090	1.082E-20
247.160	1.090E-20
247.230	1.095E-20
247.300	1.100E-20
247.360	1.104E-20
247.430	1.108E-20
247.500	1.113E-20
247.570	1.118E-20
247.630	1.122E-20
247.700	1.126E-20
247.770	1.131E-20
247.840	1.136E-20
247.900	1.141E-20
247.970	1.145E-20
248.040	1.150E-20
248.110	1.155E-20
248.180	1.159E-20
248.240	1.163E-20
248.310	1.168E-20
248.380	1.173E-20
248.450	1.177E-20
248.510	1.182E-20
248.580	1.187E-20
248.650	1.191E-20
248.720	1.195E-20
248.780	1.199E-20
248.850	1.204E-20
248.920	1.209E-20
248.990	1.213E-20
249.050	1.217E-20
249.120	1.222E-20
249.190	1.227E-20
249.260	1.232E-20
249.320	1.237E-20
249.390	1.243E-20
249.460	1.249E-20
249.530	1.254E-20
249.590	1.260E-20
249.660	1.266E-20
249.730	1.272E-20
249.800	1.277E-20
249.860	1.283E-20
249.930	1.290E-20
250.000	1.296E-20
250.070	1.303E-20
250.130	1.309E-20
250.200	1.316E-20
250.270	1.323E-20
250.340	1.330E-20
250.400	1.337E-20
250.470	1.344E-20
250.540	1.352E-20
250.610	1.358E-20
250.670	1.365E-20
250.740	1.373E-20
250.810	1.381E-20
250.880	1.388E-20
250.940	1.395E-20
251.010	1.403E-20
251.080	1.411E-20
251.150	1.419E-20
251.210	1.427E-20
251.280	1.436E-20
251.350	1.444E-20
251.410	1.452E-20
251.480	1.459E-20
251.550	1.467E-20
251.620	1.476E-20
251.680	1.483E-20
251.750	1.491E-20
251.820	1.499E-20
251.890	1.507E-20
251.950	1.515E-20
252.020	1.521E-20
252.090	1.529E-20
252.160	1.537E-20
252.220	1.543E-20
252.290	1.550E-20
252.360	1.557E-20
252.430	1.564E-20
252.490	1.570E-20
252.560	1.576E-20
252.630	1.583E-20
252.700	1.591E-20
252.760	1.597E-20
252.830	1.602E-20
252.900	1.609E-20
252.970	1.616E-20
253.030	1.622E-20
253.100	1.628E-20
253.170	1.634E-20
253.240	1.641E-20
253.300	1.645E-20
253.370	1.652E-20
253.440	1.658E-20
253.500	1.664E-20
253.570	1.669E-20
253.640	1.674E-20
253.710	1.679E-20
253.770	1.685E-20
253.840	1.689E-20
253.910	1.694E-20
253.980	1.700E-20
254.040	1.705E-20
254.110	1.709E-20
254.180	1.713E-20
254.250	1.718E-20
254.310	1.723E-20
254.380	1.728E-20
254.450	1.733E-20
254.520	1.738E-20
254.580	1.743E-20
254.650	1.748E-20
254.720	1.753E-20
254.790	1.759E-20
254.850	1.766E-20
254.920	1.771E-20
254.990	1.778E-20
255.050	1.784E-20
255.120	1.792E-20
255.190	1.798E-20
255.260	1.804E-20
255.320	1.811E-20
255.390	1.819E-20
255.460	1.826E-20
255.530	1.832E-20
255.590	1.840E-20
255.660	1.848E-20
255.730	1.854E-20
255.800	1.862E-20
255.860	1.870E-20
255.930	1.878E-20
256.000	1.885E-20
256.060	1.893E-20
256.130	1.901E-20
256.200	1.909E-20
256.270	1.916E-20
256.330	1.924E-20
256.400	1.933E-20
256.470	1.942E-20
256.540	1.950E-20
256.600	1.959E-20
256.670	1.969E-20
256.740	1.979E-20
256.810	1.988E-20
256.870	1.997E-20
256.940	2.007E-20
257.010	2.018E-20
257.070	2.028E-20
257.140	2.038E-20
257.210	2.049E-20
257.280	2.060E-20
257.340	2.070E-20
257.410	2.080E-20
257.480	2.091E-20
257.550	2.102E-20
257.610	2.112E-20
257.680	2.122E-20
257.750	2.133E-20
257.810	2.144E-20
257.880	2.154E-20
257.950	2.163E-20
258.020	2.173E-20
258.080	2.183E-20
258.150	2.192E-20
258.220	2.201E-20
258.290	2.210E-20
258.350	2.220E-20
258.420	2.229E-20
258.490	2.237E-20
258.550	2.247E-20
258.620	2.258E-20
258.690	2.266E-20
258.760	2.275E-20
258.820	2.285E-20
258.890	2.295E-20
258.960	2.301E-20
259.030	2.309E-20
259.090	2.318E-20
259.160	2.326E-20
259.230	2.334E-20
259.290	2.342E-20
259.360	2.351E-20
259.430	2.359E-20
259.500	2.366E-20
259.560	2.372E-20
259.630	2.379E-20
259.700	2.386E-20
259.770	2.391E-20
259.830	2.397E-20
259.900	2.403E-20
259.970	2.410E-20
260.030	2.415E-20
260.100	2.420E-20
260.170	2.426E-20
260.240	2.432E-20
260.300	2.437E-20
260.370	2.442E-20
260.440	2.448E-20
260.510	2.454E-20
260.570	2.459E-20
260.640	2.464E-20
260.710	2.471E-20
260.770	2.478E-20
260.840	2.483E-20
260.910	2.489E-20
260.980	2.496E-20
261.040	2.503E-20
261.110	2.508E-20
261.180	2.514E-20
261.240	2.520E-20
261.310	2.526E-20
261.380	2.531E-20
261.450	2.536E-20
261.510	2.543E-20
261.580	2.549E-20
261.650	2.553E-20
261.720	2.558E-20
261.780	2.563E-20
261.850	2.569E-20
261.920	2.574E-20
261.980	2.579E-20
262.050	2.586E-20
262.120	2.593E-20
262.190	2.598E-20
262.250	2.605E-20
262.320	2.613E-20
262.390	2.620E-20
262.450	2.627E-20
262.520	2.634E-20
262.590	2.643E-20
262.660	2.653E-20
262.720	2.661E-20
262.790	2.670E-20
262.860	2.680E-20
262.920	2.691E-20
262.990	2.701E-20
263.060	2.710E-20
263.130	2.722E-20
263.190	2.733E-20
263.260	2.743E-20
263.330	2.753E-20
263.390	2.764E-20
263.460	2.776E-20
263.530	2.786E-20
263.600	2.796E-20
263.660	2.807E-20
263.730	2.818E-20
263.800	2.828E-20
263.870	2.838E-20
263.930	2.849E-20
264.000	2.860E-20
264.070	2.870E-20
264.130	2.879E-20
264.200	2.890E-20
264.270	2.902E-20
264.340	2.911E-20
264.400	2.921E-20
264.470	2.935E-20
264.540	2.948E-20
264.600	2.960E-20
264.670	2.973E-20
264.740	2.987E-20
264.810	3.001E-20
264.870	3.013E-20
264.940	3.026E-20
265.010	3.040E-20
265.070	3.056E-20
265.140	3.069E-20
265.210	3.082E-20
265.280	3.096E-20
265.340	3.110E-20
265.410	3.122E-20
265.480	3.134E-20
265.540	3.148E-20
265.610	3.161E-20
265.680	3.172E-20
265.750	3.184E-20
265.810	3.195E-20
265.880	3.207E-20
265.950	3.216E-20
266.010	3.225E-20
266.080	3.235E-20
266.150	3.244E-20
266.220	3.251E-20
266.280	3.258E-20
266.350	3.267E-20
266.420	3.275E-20
266.480	3.282E-20
266.550	3.289E-20
266.620	3.296E-20
266.690	3.305E-20
266.750	3.312E-20
266.820	3.319E-20
266.890	3.326E-20
266.950	3.334E-20
267.020	3.340E-20
267.090	3.344E-20
267.160	3.350E-20
267.220	3.356E-20
267.290	3.359E-20
267.360	3.362E-20
267.420	3.366E-20
267.490	3.370E-20
267.560	3.371E-20
267.620	3.373E-20
267.690	3.376E-20
267.760	3.378E-20
267.830	3.379E-20
267.890	3.380E-20
267.960	3.382E-20
268.030	3.384E-20
268.090	3.385E-20
268.160	3.384E-20
268.230	3.385E-20
268.300	3.387E-20
268.360	3.387E-20
268.430	3.387E-20
268.500	3.390E-20
268.560	3.393E-20
268.630	3.394E-20
268.700	3.396E-20
268.770	3.402E-20
268.830	3.407E-20
268.900	3.410E-20
268.970	3.414E-20
269.030	3.420E-20
269.100	3.425E-20
269.170	3.429E-20
269.240	3.433E-20
269.300	3.438E-20
269.370	3.444E-20
269.440	3.448E-20
269.500	3.452E-20
269.570	3.457E-20
269.640	3.464E-20
269.700	3.469E-20
269.770	3.475E-20
269.840	3.482E-20
269.910	3.490E-20
269.970	3.496E-20
270.040	3.502E-20
270.110	3.510E-20
270.170	3.518E-20
270.240	3.525E-20
270.310	3.531E-20
270.380	3.540E-20
270.440	3.550E-20
270.510	3.557E-20
270.580	3.566E-20
270.640	3.579E-20
270.710	3.592E-20
270.780	3.604E-20
270.850	3.618E-20
270.910	3.635E-20
270.980	3.652E-20
271.050	3.668E-20
271.110	3.684E-20
271.180	3.702E-20
271.250	3.722E-20
271.310	3.738E-20
271.380	3.754E-20
271.450	3.773E-20
271.520	3.792E-20
271.580	3.807E-20
271.650	3.823E-20
271.720	3.840E-20
271.780	3.856E-20
271.850	3.869E-20
271.920	3.883E-20
271.990	3.897E-20
272.050	3.911E-20
272.120	3.923E-20
272.190	3.936E-20
272.250	3.949E-20
272.320	3.962E-20
272.390	3.973E-20
272.450	3.984E-20
272.520	3.996E-20
272.590	4.010E-20
272.660	4.020E-20
272.720	4.030E-20
272.790	4.041E-20
272.860	4.053E-20
272.920	4.062E-20
272.990	4.073E-20
273.060	4.087E-20
273.130	4.102E-20
273.190	4.115E-20
273.260	4.128E-20
273.330	4.142E-20
273.390	4.157E-20
273.460	4.168E-20
273.530	4.180E-20
273.590	4.192E-20
273.660	4.205E-20
273.730	4.213E-20
273.800	4.221E-20
273.860	4.229E-20
273.930	4.236E-20
274.000	4.240E-20
274.060	4.244E-20
274.130	4.248E-20
274.200	4.253E-20
274.260	4.253E-20
274.330	4.254E-20
274.400	4.255E-20
274.470	4.255E-20
274.530	4.251E-20
274.600	4.249E-20
274.670	4.247E-20
274.730	4.245E-20
274.800	4.238E-20
274.870	4.234E-20
274.930	4.231E-20
275.000	4.229E-20
275.070	4.223E-20
275.140	4.220E-20
275.200	4.218E-20
275.270	4.217E-20
275.340	4.214E-20
275.400	4.211E-20
275.470	4.209E-20
275.540	4.209E-20
275.610	4.204E-20
275.670	4.200E-20
275.740	4.197E-20
275.810	4.196E-20
275.870	4.191E-20
275.940	4.186E-20
276.010	4.184E-20
276.070	4.182E-20
276.140	4.177E-20
276.210	4.173E-20
276.280	4.170E-20
276.340	4.168E-20
276.410	4.165E-20
276.480	4.162E-20
276.540	4.162E-20
276.610	4.163E-20
276.680	4.162E-20
276.740	4.161E-20
276.810	4.162E-20
276.880	4.165E-20
276.950	4.167E-20
277.010	4.169E-20
277.080	4.174E-20
277.150	4.180E-20
277.210	4.183E-20
277.280	4.189E-20
277.350	4.196E-20
277.410	4.206E-20
277.480	4.214E-20
277.550	4.223E-20
277.620	4.235E-20
277.680	4.248E-20
277.750	4.260E-20
277.820	4.272E-20
277.880	4.287E-20
277.950	4.301E-20
278.020	4.314E-20
278.080	4.326E-20
278.150	4.338E-20
278.220	4.350E-20
278.290	4.358E-20
278.350	4.365E-20
278.420	4.373E-20
278.490	4.382E-20
278.550	4.388E-20
278.620	4.396E-20
278.690	4.405E-20
278.750	4.416E-20
278.820	4.425E-20
278.890	4.435E-20
278.960	4.446E-20
279.020	4.458E-20
279.090	4.467E-20
279.160	4.477E-20
279.220	4.489E-20
279.290	4.501E-20
279.360	4.511E-20
279.420	4.522E-20
279.490	4.535E-20
279.560	4.549E-20
279.630	4.562E-20
279.690	4.577E-20
279.760	4.595E-20
279.830	4.616E-20
279.890	4.635E-20
279.960	4.654E-20
280.030	4.675E-20
280.090	4.697E-20
280.160	4.712E-20
280.230	4.727E-20
280.300	4.745E-20
280.360	4.760E-20
280.430	4.772E-20
280.500	4.783E-20
280.560	4.795E-20
280.630	4.804E-20
280.700	4.812E-20
280.760	4.817E-20
280.830	4.823E-20
280.900	4.829E-20
280.970	4.831E-20
281.030	4.831E-20
281.100	4.832E-20
281.170	4.834E-20
281.230	4.832E-20
281.300	4.830E-20
281.370	4.831E-20
281.430	4.832E-20
281.500	4.830E-20
281.570	4.829E-20
281.640	4.830E-20
281.700	4.831E-20
281.770	4.830E-20
281.840	4.830E-20
281.900	4.831E-20
281.970	4.834E-20
282.040	4.836E-20
282.100	4.840E-20
282.170	4.847E-20
282.240	4.854E-20
282.310	4.860E-20
282.370	4.864E-20
282.440	4.870E-20
282.510	4.875E-20
282.570	4.877E-20
282.640	4.879E-20
282.710	4.882E-20
282.770	4.885E-20
282.840	4.884E-20
282.910	4.883E-20
282.980	4.882E-20
283.040	4.880E-20
283.110	4.874E-20
283.180	4.867E-20
283.240	4.860E-20
283.310	4.853E-20
283.380	4.841E-20
283.440	4.830E-20
283.510	4.821E-20
283.580	4.812E-20
283.650	4.801E-20
283.710	4.791E-20
283.780	4.783E-20
283.850	4.776E-20
283.910	4.768E-20
283.980	4.759E-20
284.050	4.752E-20
284.110	4.747E-20
284.180	4.738E-20
284.250	4.728E-20
284.320	4.720E-20
284.380	4.714E-20
284.450	4.705E-20
284.520	4.695E-20
284.580	4.690E-20
284.650	4.685E-20
284.720	4.679E-20
284.780	4.674E-20
284.850	4.670E-20
284.920	4.666E-20
284.990	4.662E-20
285.050	4.657E-20
285.120	4.654E-20
285.190	4.652E-20
285.250	4.648E-20
285.320	4.643E-20
285.390	4.640E-20
285.450	4.638E-20
285.520	4.634E-20
285.590	4.629E-20
285.650	4.627E-20
285.720	4.625E-20
285.790	4.621E-20
285.860	4.617E-20
285.920	4.615E-20
285.990	4.613E-20
286.060	4.612E-20
286.120	4.611E-20
286.190	4.615E-20
286.260	4.623E-20
286.320	4.631E-20
286.390	4.640E-20
286.460	4.653E-20
286.530	4.668E-20
286.590	4.680E-20
286.660	4.692E-20
286.730	4.707E-20
286.790	4.722E-20
286.860	4.734E-20
286.930	4.746E-20
286.990	4.760E-20
287.060	4.774E-20
287.130	4.784E-20
287.200	4.795E-20
287.260	4.807E-20
287.330	4.820E-20
287.400	4.831E-20
287.460	4.841E-20
287.530	4.854E-20
287.600	4.868E-20
287.660	4.875E-20
287.730	4.882E-20
287.800	4.890E-20
287.870	4.894E-20
287.930	4.892E-20
288.000	4.890E-20
288.070	4.888E-20
288.130	4.885E-20
288.200	4.881E-20
288.270	4.878E-20
288.330	4.879E-20
288.400	4.882E-20
288.470	4.885E-20
288.540	4.889E-20
288.600	4.898E-20
288.670	4.907E-20
288.740	4.915E-20
288.800	4.923E-20
288.870	4.932E-20
288.940	4.939E-20
289.000	4.945E-20
289.070	4.950E-20
289.140	4.957E-20
289.210	4.964E-20
289.270	4.972E-20
289.340	4.983E-20
289.410	4.997E-20
289.470	5.012E-20
289.540	5.026E-20
289.610	5.038E-20
289.670	5.052E-20
289.740	5.064E-20
289.810	5.072E-20
289.880	5.077E-20
289.940	5.083E-20
290.010	5.087E-20
290.080	5.087E-20
290.140	5.085E-20
290.210	5.084E-20
290.280	5.081E-20
290.340	5.073E-20
290.410	5.064E-20
290.480	5.055E-20
290.550	5.045E-20
290.610	5.031E-20
290.680	5.017E-20
290.750	5.005E-20
290.810	4.992E-20
290.880	4.978E-20
290.950	4.965E-20
291.010	4.955E-20
291.080	4.947E-20
291.150	4.939E-20
291.220	4.932E-20
291.280	4.929E-20
291.350	4.926E-20
291.420	4.921E-20
291.480	4.915E-20
291.550	4.909E-20
291.620	4.902E-20
291.680	4.893E-20
291.750	4.883E-20
291.820	4.876E-20
291.890	4.870E-20
291.950	4.864E-20
292.020	4.858E-20
292.090	4.857E-20
292.150	4.856E-20
292.220	4.851E-20
292.290	4.845E-20
292.350	4.840E-20
292.420	4.831E-20
292.490	4.820E-20
292.560	4.807E-20
292.620	4.794E-20
292.690	4.780E-20
292.760	4.765E-20
292.820	4.749E-20
292.890	4.735E-20
292.960	4.724E-20
293.020	4.709E-20
293.090	4.694E-20
293.160	4.682E-20
293.230	4.668E-20
293.290	4.651E-20
293.360	4.633E-20
293.430	4.615E-20
293.490	4.597E-20
293.560	4.579E-20
293.630	4.562E-20
293.690	4.548E-20
293.760	4.537E-20
293.830	4.526E-20
293.900	4.516E-20
293.960	4.511E-20
294.030	4.508E-20
294.100	4.505E-20
294.160	4.502E-20
294.230	4.502E-20
294.300	4.502E-20
294.370	4.499E-20
294.430	4.496E-20
294.500	4.495E-20
294.570	4.494E-20
294.630	4.490E-20
294.700	4.486E-20
294.770	4.482E-20
294.830	4.477E-20
294.900	4.471E-20
294.970	4.464E-20
295.040	4.460E-20
295.100	4.457E-20
295.170	4.453E-20
295.240	4.450E-20
295.300	4.450E-20
295.370	4.450E-20
295.440	4.450E-20
295.500	4.449E-20
295.570	4.450E-20
295.640	4.451E-20
295.710	4.450E-20
295.770	4.448E-20
295.840	4.449E-20
295.910	4.449E-20
295.970	4.448E-20
296.040	4.448E-20
296.110	4.453E-20
296.170	4.457E-20
296.240	4.464E-20
296.310	4.472E-20
296.380	4.486E-20
296.440	4.499E-20
296.510	4.512E-20
296.580	4.524E-20
296.640	4.537E-20
296.710	4.548E-20
296.780	4.557E-20
296.850	4.565E-20
296.910	4.577E-20
296.980	4.587E-20
297.050	4.597E-20
297.110	4.606E-20
297.180	4.618E-20
297.250	4.628E-20
297.310	4.635E-20
297.380	4.638E-20
297.450	4.643E-20
297.520	4.645E-20
297.580	4.645E-20
297.650	4.642E-20
297.720	4.641E-20
297.780	4.637E-20
297.850	4.632E-20
297.920	4.624E-20
297.990	4.619E-20
298.050	4.610E-20
298.120	4.599E-20
298.190	4.584E-20
298.250	4.571E-20
298.320	4.554E-20
298.390	4.538E-20
298.450	4.519E-20
298.520	4.505E-20
298.590	4.490E-20
298.660	4.478E-20
298.720	4.467E-20
298.790	4.462E-20
298.860	4.459E-20
298.920	4.459E-20
298.990	4.458E-20
299.060	4.460E-20
299.130	4.460E-20
299.190	4.457E-20
299.260	4.450E-20
299.330	4.444E-20
299.390	4.434E-20
299.460	4.421E-20
299.530	4.407E-20
299.590	4.396E-20
299.660	4.384E-20
299.730	4.373E-20
299.800	4.363E-20
299.860	4.357E-20
299.930	4.351E-20
300.000	4.347E-20
300.060	4.340E-20
300.130	4.336E-20
300.200	4.329E-20
300.270	4.318E-20
300.330	4.303E-20
300.400	4.289E-20
300.470	4.273E-20
300.530	4.255E-20
300.600	4.237E-20
300.670	4.222E-20
300.740	4.208E-20
300.800	4.194E-20
300.870	4.181E-20
300.940	4.171E-20
301.000	4.161E-20
301.070	4.149E-20
301.140	4.135E-20
301.210	4.123E-20
301.270	4.109E-20
301.340	4.094E-20
301.410	4.080E-20
301.470	4.069E-20
301.540	4.059E-20
301.610	4.053E-20
301.670	4.048E-20
301.740	4.047E-20
301.810	4.053E-20
301.880	4.056E-20
301.980	4.054E-20
302.050	4.050E-20
302.120	4.041E-20
302.190	4.020E-20
302.250	3.998E-20
302.320	3.980E-20
302.390	3.962E-20
302.460	3.946E-20
302.520	3.933E-20
302.590	3.924E-20
302.660	3.915E-20
302.730	3.907E-20
302.790	3.896E-20
302.860	3.885E-20
302.930	3.872E-20
303.000	3.854E-20
303.060	3.833E-20
303.130	3.811E-20
303.200	3.788E-20
303.270	3.763E-20
303.330	3.737E-20
303.400	3.714E-20
303.470	3.693E-20
303.540	3.673E-20
303.600	3.656E-20
303.670	3.645E-20
303.740	3.636E-20
303.810	3.629E-20
303.880	3.623E-20
303.940	3.619E-20
304.010	3.616E-20
304.080	3.612E-20
304.150	3.609E-20
304.210	3.610E-20
304.280	3.610E-20
304.350	3.610E-20
304.420	3.610E-20
304.480	3.611E-20
304.550	3.609E-20
304.620	3.602E-20
304.690	3.599E-20
304.750	3.598E-20
304.820	3.598E-20
304.890	3.600E-20
304.960	3.608E-20
305.020	3.615E-20
305.090	3.625E-20
305.160	3.633E-20
305.230	3.640E-20
305.300	3.647E-20
305.360	3.649E-20
305.430	3.644E-20
305.500	3.635E-20
305.570	3.624E-20
305.630	3.610E-20
305.700	3.597E-20
305.770	3.586E-20
305.840	3.580E-20
305.900	3.578E-20
305.970	3.580E-20
306.040	3.582E-20
306.110	3.589E-20
306.170	3.592E-20
306.240	3.587E-20
306.310	3.584E-20
306.380	3.581E-20
306.450	3.572E-20
306.510	3.561E-20
306.580	3.554E-20
306.650	3.543E-20
306.720	3.533E-20
306.780	3.525E-20
306.850	3.521E-20
306.920	3.525E-20
306.990	3.531E-20
307.050	3.541E-20
307.120	3.553E-20
307.190	3.567E-20
307.260	3.579E-20
307.330	3.586E-20
307.390	3.586E-20
307.460	3.580E-20
307.530	3.569E-20
307.600	3.552E-20
307.660	3.532E-20
307.730	3.513E-20
307.800	3.495E-20
307.870	3.477E-20
307.930	3.461E-20
308.000	3.451E-20
308.070	3.441E-20
308.140	3.431E-20
308.200	3.421E-20
308.270	3.411E-20
308.340	3.398E-20
308.410	3.382E-20
308.480	3.364E-20
308.540	3.348E-20
308.610	3.331E-20
308.680	3.315E-20
308.750	3.299E-20
308.810	3.286E-20
308.880	3.271E-20
308.950	3.256E-20
309.020	3.238E-20
309.080	3.222E-20
309.150	3.203E-20
309.220	3.184E-20
309.290	3.165E-20
309.360	3.149E-20
309.420	3.133E-20
309.490	3.118E-20
309.560	3.104E-20
309.630	3.094E-20
309.690	3.084E-20
309.760	3.077E-20
309.830	3.069E-20
309.900	3.065E-20
309.960	3.060E-20
310.030	3.056E-20
310.100	3.051E-20
310.170	3.048E-20
310.240	3.042E-20
310.300	3.034E-20
310.370	3.021E-20
310.440	3.007E-20
310.510	2.989E-20
310.570	2.968E-20
310.640	2.945E-20
310.710	2.923E-20
310.780	2.900E-20
310.840	2.878E-20
310.910	2.857E-20
310.980	2.839E-20
311.050	2.822E-20
311.120	2.805E-20
311.180	2.787E-20
311.250	2.770E-20
311.320	2.751E-20
311.390	2.731E-20
311.450	2.709E-20
311.520	2.691E-20
311.590	2.673E-20
311.660	2.658E-20
311.720	2.646E-20
311.790	2.640E-20
311.860	2.637E-20
311.930	2.636E-20
312.000	2.637E-20
312.060	2.642E-20
312.130	2.646E-20
312.200	2.649E-20
312.270	2.649E-20
312.330	2.647E-20
312.400	2.641E-20
312.470	2.631E-20
312.540	2.617E-20
312.600	2.603E-20
312.670	2.589E-20
312.740	2.576E-20
312.810	2.568E-20
312.880	2.568E-20
312.940	2.574E-20
313.010	2.587E-20
313.080	2.605E-20
313.150	2.629E-20
313.210	2.652E-20
313.280	2.673E-20
313.350	2.687E-20
313.420	2.694E-20
313.490	2.691E-20
313.550	2.677E-20
313.620	2.652E-20
313.690	2.622E-20
313.760	2.584E-20
313.820	2.544E-20
313.890	2.503E-20
313.960	2.467E-20
314.030	2.435E-20
314.090	2.409E-20
314.160	2.388E-20
314.230	2.375E-20
314.300	2.366E-20
314.370	2.363E-20
314.430	2.362E-20
314.500	2.365E-20
314.570	2.367E-20
314.640	2.367E-20
314.700	2.362E-20
314.770	2.355E-20
314.840	2.341E-20
314.910	2.322E-20
314.980	2.298E-20
315.040	2.271E-20
315.110	2.241E-20
315.180	2.211E-20
315.250	2.181E-20
315.310	2.157E-20
315.380	2.138E-20
315.450	2.125E-20
315.520	2.118E-20
315.580	2.119E-20
315.650	2.124E-20
315.720	2.135E-20
315.790	2.149E-20
315.860	2.167E-20
315.920	2.185E-20
315.990	2.202E-20
316.060	2.215E-20
316.130	2.226E-20
316.190	2.231E-20
316.260	2.229E-20
316.330	2.222E-20
316.400	2.211E-20
316.470	2.196E-20
316.530	2.182E-20
316.600	2.170E-20
316.670	2.164E-20
316.740	2.163E-20
316.800	2.167E-20
316.870	2.175E-20
316.940	2.187E-20
317.010	2.197E-20
317.080	2.204E-20
317.140	2.204E-20
317.210	2.198E-20
317.280	2.184E-20
317.350	2.164E-20
317.410	2.139E-20
317.480	2.114E-20
317.550	2.090E-20
317.620	2.071E-20
317.680	2.056E-20
317.750	2.050E-20
317.820	2.049E-20
317.890	2.053E-20
317.960	2.061E-20
318.020	2.071E-20
318.090	2.082E-20
318.160	2.089E-20
318.230	2.092E-20
318.290	2.092E-20
318.360	2.086E-20
318.430	2.072E-20
318.500	2.054E-20
318.570	2.033E-20
318.630	2.009E-20
318.700	1.982E-20
318.770	1.956E-20
318.840	1.933E-20
318.900	1.912E-20
318.970	1.896E-20
319.040	1.883E-20
319.110	1.877E-20
319.180	1.874E-20
319.240	1.875E-20
319.310	1.876E-20
319.380	1.877E-20
319.450	1.876E-20
319.510	1.872E-20
319.580	1.864E-20
319.650	1.854E-20
319.720	1.841E-20
319.790	1.825E-20
319.850	1.807E-20
319.920	1.788E-20
319.990	1.767E-20
320.060	1.745E-20
320.120	1.720E-20
320.190	1.695E-20
320.260	1.669E-20
320.330	1.643E-20
320.400	1.617E-20
320.460	1.594E-20
320.530	1.575E-20
320.600	1.559E-20
320.670	1.549E-20
320.730	1.543E-20
320.800	1.542E-20
320.870	1.543E-20
320.940	1.545E-20
321.010	1.548E-20
321.070	1.551E-20
321.140	1.551E-20
321.210	1.550E-20
321.280	1.547E-20
321.340	1.543E-20
321.410	1.537E-20
321.480	1.530E-20
321.550	1.522E-20
321.620	1.513E-20
321.680	1.501E-20
321.750	1.488E-20
321.820	1.474E-20
321.890	1.459E-20
321.950	1.443E-20
322.020	1.426E-20
322.090	1.411E-20
322.160	1.397E-20
322.230	1.385E-20
322.290	1.373E-20
322.360	1.365E-20
322.430	1.357E-20
322.500	1.349E-20
322.560	1.341E-20
322.630	1.333E-20
322.700	1.323E-20
322.770	1.313E-20
322.840	1.302E-20
322.900	1.293E-20
322.970	1.284E-20
323.040	1.276E-20
323.110	1.268E-20
323.170	1.261E-20
323.240	1.254E-20
323.310	1.246E-20
323.380	1.236E-20
323.450	1.225E-20
323.510	1.212E-20
323.580	1.196E-20
323.650	1.177E-20
323.720	1.158E-20
323.780	1.138E-20
323.850	1.119E-20
323.920	1.102E-20
323.990	1.089E-20
324.060	1.081E-20
324.120	1.079E-20
324.190	1.083E-20
324.260	1.094E-20
324.330	1.111E-20
324.390	1.133E-20
324.460	1.158E-20
324.530	1.185E-20
324.600	1.210E-20
324.670	1.231E-20
324.730	1.245E-20
324.800	1.252E-20
324.870	1.250E-20
324.940	1.239E-20
325.000	1.221E-20
325.070	1.198E-20
325.140	1.173E-20
325.210	1.148E-20
325.280	1.125E-20
325.340	1.108E-20
325.410	1.098E-20
325.480	1.093E-20
325.550	1.096E-20
325.610	1.105E-20
325.680	1.117E-20
325.750	1.131E-20
325.820	1.144E-20
325.890	1.155E-20
325.950	1.159E-20
326.020	1.158E-20
326.090	1.149E-20
326.160	1.133E-20
326.220	1.110E-20
326.290	1.081E-20
326.360	1.048E-20
326.430	1.012E-20
326.500	9.745E-21
326.560	9.376E-21
326.630	9.022E-21
326.700	8.709E-21
326.770	8.444E-21
326.830	8.234E-21
326.900	8.086E-21
326.970	8.013E-21
327.040	8.000E-21
327.110	8.037E-21
327.170	8.110E-21
327.240	8.209E-21
327.310	8.304E-21
327.380	8.384E-21
327.440	8.429E-21
327.510	8.428E-21
327.580	8.373E-21
327.650	8.260E-21
327.720	8.091E-21
327.780	7.890E-21
327.850	7.663E-21
327.920	7.430E-21
327.990	7.202E-21
328.060	7.012E-21
328.120	6.856E-21
328.190	6.752E-21
328.260	6.700E-21
328.330	6.719E-21
328.390	6.787E-21
328.460	6.911E-21
328.530	7.076E-21
328.600	7.277E-21
328.670	7.485E-21
328.730	7.689E-21
328.800	7.862E-21
328.870	7.995E-21
328.940	8.063E-21
329.000	8.060E-21
329.070	7.984E-21
329.140	7.852E-21
329.210	7.675E-21
329.280	7.480E-21
329.340	7.292E-21
329.410	7.141E-21
329.480	7.037E-21
329.550	6.991E-21
329.610	6.998E-21
329.680	7.060E-21
329.750	7.150E-21
329.820	7.248E-21
329.890	7.333E-21
329.950	7.397E-21
330.020	7.412E-21
330.090	7.378E-21
330.160	7.297E-21
330.220	7.179E-21
330.290	7.023E-21
330.360	6.852E-21
330.430	6.665E-21
330.500	6.477E-21
330.560	6.288E-21
330.630	6.113E-21
330.700	5.947E-21
330.770	5.814E-21
330.840	5.711E-21
330.900	5.648E-21
330.970	5.624E-21
331.040	5.653E-21
331.110	5.718E-21
331.170	5.809E-21
331.240	5.914E-21
331.310	6.018E-21
331.380	6.096E-21
331.450	6.133E-21
331.510	6.122E-21
331.580	6.057E-21
331.650	5.934E-21
331.720	5.766E-21
331.780	5.558E-21
331.850	5.330E-21
331.920	5.089E-21
331.990	4.847E-21
332.060	4.614E-21
332.120	4.407E-21
332.190	4.221E-21
332.260	4.069E-21
332.330	3.953E-21
332.390	3.880E-21
332.460	3.844E-21
332.530	3.850E-21
332.600	3.897E-21
332.670	3.985E-21
332.730	4.100E-21
332.800	4.237E-21
332.870	4.377E-21
332.940	4.512E-21
333.000	4.622E-21
333.070	4.697E-21
333.140	4.725E-21
333.210	4.708E-21
333.280	4.638E-21
333.340	4.525E-21
333.410	4.375E-21
333.480	4.202E-21
333.550	4.017E-21
333.620	3.835E-21
333.680	3.659E-21
333.750	3.509E-21
333.820	3.385E-21
333.890	3.292E-21
333.950	3.229E-21
334.020	3.209E-21
334.090	3.215E-21
334.160	3.254E-21
334.230	3.317E-21
334.290	3.403E-21
334.360	3.496E-21
334.430	3.601E-21
334.500	3.695E-21
334.560	3.779E-21
334.630	3.836E-21
334.700	3.867E-21
334.770	3.857E-21
334.840	3.818E-21
334.900	3.741E-21
334.970	3.641E-21
335.040	3.513E-21
335.110	3.371E-21
335.170	3.220E-21
335.240	3.070E-21
335.310	2.918E-21
335.380	2.782E-21
335.450	2.658E-21
335.510	2.548E-21
335.580	2.452E-21
335.650	2.380E-21
335.720	2.325E-21
335.780	2.290E-21
335.850	2.269E-21
335.920	2.268E-21
335.990	2.274E-21
336.060	2.292E-21
336.120	2.308E-21
336.190	2.331E-21
336.260	2.346E-21
336.330	2.361E-21
336.400	2.364E-21
336.460	2.367E-21
336.530	2.359E-21
336.600	2.353E-21
336.670	2.341E-21
336.730	2.329E-21
336.800	2.314E-21
336.870	2.301E-21
336.940	2.280E-21
337.010	2.254E-21
337.070	2.220E-21
337.140	2.184E-21
337.210	2.140E-21
337.280	2.096E-21
337.340	2.053E-21
337.410	2.018E-21
337.480	1.991E-21
337.550	1.979E-21
337.620	1.982E-21
337.680	2.008E-21
337.750	2.044E-21
337.820	2.096E-21
337.890	2.158E-21
337.950	2.227E-21
338.020	2.288E-21
338.090	2.350E-21
338.160	2.397E-21
338.230	2.426E-21
338.290	2.436E-21
338.360	2.432E-21
338.430	2.406E-21
338.500	2.370E-21
338.560	2.326E-21
338.630	2.274E-21
338.700	2.217E-21
338.770	2.165E-21
338.840	2.112E-21
338.900	2.066E-21
338.970	2.020E-21
339.040	1.983E-21
339.110	1.947E-21
339.170	1.914E-21
339.240	1.874E-21
339.310	1.837E-21
339.380	1.791E-21
339.450	1.745E-21
339.510	1.687E-21
339.580	1.630E-21
339.650	1.567E-21
339.720	1.503E-21
339.790	1.436E-21
339.850	1.374E-21
339.920	1.310E-21
339.990	1.252E-21
340.060	1.194E-21
340.120	1.140E-21
340.190	1.089E-21
340.260	1.047E-21
340.330	9.980E-22
340.400	9.570E-22
340.460	9.150E-22
340.530	8.790E-22
340.600	8.315E-22
340.670	7.965E-22
340.730	7.589E-22
340.800	7.231E-22
340.870	6.831E-22
340.940	6.552E-22
341.010	6.255E-22
341.070	5.997E-22
341.140	5.744E-22
341.210	5.547E-22
341.280	5.354E-22
341.340	5.196E-22
341.410	5.034E-22
341.480	4.917E-22
341.550	4.791E-22
341.620	4.701E-22
341.680	4.577E-22
341.750	4.526E-22
341.820	4.454E-22
341.890	4.407E-22
341.950	4.318E-22
342.020	4.283E-22
342.090	4.194E-22
342.160	4.108E-22
342.230	4.007E-22
342.290	3.927E-22
342.360	3.799E-22
342.430	3.714E-22
342.500	3.648E-22
342.560	3.568E-22
342.630	3.495E-22
342.700	3.476E-22
342.770	3.388E-22
342.840	3.304E-22
342.900	3.223E-22
342.970	3.146E-22
343.040	3.034E-22
343.110	2.985E-22
343.170	2.912E-22
343.240	2.875E-22
343.310	2.828E-22
343.380	2.837E-22
343.450	2.844E-22
343.510	2.856E-22
343.580	2.856E-22
343.650	2.905E-22
343.720	2.902E-22
343.780	2.912E-22
343.850	2.920E-22
343.920	2.957E-22
343.990	2.927E-22
344.060	2.936E-22
344.120	2.874E-22
344.190	2.856E-22
344.260	2.786E-22
344.330	2.714E-22
344.390	2.607E-22
344.460	2.569E-22
344.530	2.457E-22
344.600	2.390E-22
344.670	2.336E-22
344.730	2.297E-22
344.800	2.198E-22
344.870	2.193E-22
344.940	2.126E-22
345.000	2.086E-22
345.070	2.045E-22
345.140	2.070E-22
345.210	2.035E-22
345.280	2.067E-22
345.340	2.050E-22
345.410	2.074E-22
345.480	2.084E-22
345.550	2.112E-22
345.610	2.126E-22
345.680	2.191E-22
345.750	2.180E-22
345.820	2.181E-22
345.890	2.183E-22
345.950	2.159E-22
346.020	2.101E-22
346.090	2.130E-22
346.160	2.079E-22
346.220	2.016E-22
346.290	1.949E-22
346.360	1.949E-22
346.430	1.856E-22
346.500	1.821E-22
346.560	1.777E-22
346.630	1.759E-22
346.700	1.692E-22
346.770	1.679E-22
346.830	1.638E-22
346.900	1.651E-22
346.970	1.634E-22
347.040	1.662E-22
347.110	1.659E-22
347.170	1.677E-22
347.240	1.683E-22
347.310	1.713E-22
347.380	1.697E-22
347.440	1.725E-22
347.510	1.756E-22
347.580	1.766E-22
347.650	1.758E-22
347.720	1.773E-22
347.780	1.743E-22
347.850	1.717E-22
347.920	1.671E-22
347.990	1.663E-22
348.050	1.614E-22
348.120	1.607E-22
348.190	1.547E-22
348.260	1.511E-22
348.330	1.458E-22
348.390	1.422E-22
348.460	1.335E-22
348.530	1.311E-22
348.600	1.270E-22
348.660	1.232E-22
348.730	1.168E-22
348.800	1.155E-22
348.870	1.106E-22
348.940	1.110E-22
349.000	1.078E-22
349.070	1.076E-22
349.140	1.078E-22
349.210	1.086E-22
349.270	1.049E-22
349.340	1.054E-22
349.410	1.042E-22
349.480	1.018E-22
349.550	9.882E-23
349.610	9.910E-23
349.680	9.571E-23
349.750	9.575E-23
349.820	9.190E-23
349.880	8.940E-23
349.950	8.708E-23
350.020	8.600E-23
