230.12	2.67E-21
233.37	2.58E-21
236.65	3.16E-21
239.94	3.74E-21
242.6	5.00E-21
245.23	5.60E-21
247.89	6.86E-21
251.23	8.78E-21
255.29	1.20E-20
258.63	1.39E-20
260.61	1.45E-20
262.65	1.65E-20
264.7	1.84E-20
266.74	2.04E-20
268.75	2.17E-20
269.43	2.23E-20
272.09	2.36E-20
274.14	2.55E-20
275.5	2.68E-20
276.86	2.81E-20
279.49	2.87E-20
281.47	2.93E-20
282.83	3.06E-20
283.54	3.20E-20
284.91	3.33E-20
286.21	3.32E-20
287.51	3.32E-20
289.43	3.25E-20
290.69	3.18E-20
292.03	3.24E-20
293.33	3.24E-20
294.01	3.30E-20
295.34	3.36E-20
296.67	3.43E-20
297.35	3.49E-20
298.68	3.56E-20
300.01	3.62E-20
300.63	3.55E-20
301.9	3.48E-20
302.52	3.41E-20
303.08	3.21E-20
304.32	3.07E-20
304.93	3.00E-20
305.52	2.87E-20
306.14	2.80E-20
307.41	2.73E-20
308.74	2.79E-20
310.04	2.79E-20
311.37	2.85E-20
312.7	2.92E-20
313.97	2.85E-20
315.09	2.44E-20
316.3	2.24E-20
316.86	2.04E-20
318.03	1.76E-20
320.51	1.49E-20
323.02	1.28E-20
325.56	1.14E-20
326.24	1.21E-20
327.6	1.34E-20
328.28	1.40E-20
329.55	1.33E-20
330.79	1.20E-20
331.38	1.06E-20
331.93	8.58E-21
332.52	7.22E-21
333.76	5.85E-21
335	4.48E-21
335.56	2.46E-21
337.45	1.07E-21
340.67	3.16E-22
341.32	2.98E-22
342.62	2.63E-22
350.42	1.00E-22
353.67	1.00E-22
356.27	1.00E-22
356.95	5.39E-22
358.28	1.17E-21
360.26	1.79E-21
361.59	2.42E-21
363.54	2.36E-21
365.52	2.98E-21
366.88	4.28E-21
368.25	5.58E-21
369.61	6.88E-21
370.97	8.18E-21
373.63	9.44E-21
376.29	1.07E-20
377.62	1.13E-20
378.95	1.20E-20
379.67	1.33E-20
380.38	1.46E-20
380.44	1.59E-20
381.15	1.73E-20
381.83	1.79E-20
382.45	1.72E-20
383.04	1.59E-20
383.66	1.52E-20
384.31	1.52E-20
385.61	1.51E-20
386.94	1.58E-20
387.74	1.91E-20
388.52	2.17E-20
388.64	2.44E-20
388.76	2.71E-20
388.85	2.91E-20
390.28	3.17E-20
390.34	3.30E-20
391.7	3.43E-20
392.17	3.03E-20
392.72	2.83E-20
393.25	2.56E-20
393.78	2.29E-20
394.52	2.49E-20
395.26	2.69E-20
395.32	2.82E-20
395.45	3.09E-20
395.98	2.82E-20
396.56	2.69E-20
397.8	2.55E-20
397.86	2.68E-20
398.61	2.88E-20
398.79	3.28E-20
399.38	3.15E-20
399.94	2.94E-20
401.33	3.14E-20
401.54	3.61E-20
402.5	4.27E-20
402.72	4.74E-20
403.61	5.27E-20
404.11	4.94E-20
404.51	4.40E-20
405.57	3.86E-20
405.97	3.33E-20
406.53	3.13E-20
407.12	2.99E-20
408.23	2.59E-20
408.95	2.72E-20
409.22	3.32E-20
409.53	3.99E-20
409.81	4.59E-20
410.11	5.26E-20
410.22	5.68E-20
411.49	5.33E-20
412.21	5.99E-20
412.75	4.98E-20
412.85	5.98E-20
413.54	6.30E-20
414.25	6.96E-20
414.35	7.96E-20
414.94	7.29E-20
415.65	7.94E-20
416.17	6.60E-20
416.65	4.92E-20
417.3	4.91E-20
419.42	6.55E-20
419.97	5.54E-20
420.49	4.20E-20
421.27	5.52E-20
422.47	4.50E-20
422.64	6.17E-20
422.77	7.50E-20
423.69	1.02E-19
424.14	8.15E-20
424.62	6.47E-20
425.34	7.13E-20
425.47	8.47E-20
425.64	1.01E-19
426.45	1.18E-19
427.24	1.31E-19
427.69	1.11E-19
428.57	1.34E-19
428.9	1.68E-19
429.07	5.41E-20
429.59	4.06E-20
430.3	4.72E-20
430.99	5.04E-20
431.64	5.03E-20
432.25	4.69E-20
432.8	3.68E-20
433.45	3.67E-20
434.17	4.33E-20
434.92	5.32E-20
434.99	5.99E-20
435.54	4.98E-20
436.39	6.97E-20
437.44	1.10E-19
438.2	5.60E-20
439.42	1.13E-19
439.65	1.36E-19
440.39	7.91E-20
441.12	1.53E-19
441.44	2.49E-19
441.54	1.29E-19
442.3	7.55E-20
442.82	6.20E-20
443.67	8.20E-20
445.92	1.12E-19
446.34	8.83E-20
446.72	6.15E-20
447.72	3.12E-20
448.3	2.45E-20
449.7	3.43E-20
450.52	5.09E-20
451.34	6.75E-20
451.74	1.08E-19
452.22	9.07E-20
452.99	1.68E-19
453.72	2.41E-19
455	1.74E-19
455.64	2.37E-19
456.34	3.07E-19
456.69	4.08E-19
457.45	2.24E-19
457.92	1.40E-19
457.97	7.99E-20
459.25	1.28E-20
459.83	6.04E-21
461.1	2.51E-21
