 290.0000000 0.5340000391
 295.0000000 0.5340000391
 295.0000000 0.5500000119
 300.0000000 0.5500000119
 300.0000000 0.5400000215
 305.0000000 0.5400000215
 305.0000000 0.6340000033
 310.0000000 0.6340000033
 310.0000000 0.7800000310
 315.0000000 0.7800000310
 315.0000000 0.7840000391
 320.0000000 0.7840000391
 320.0000000 0.8180000186
 325.0000000 0.8180000186
 325.0000000 1.055999994
 330.0000000 1.055999994
 330.0000000 1.037999988
 335.0000000 1.037999988
 335.0000000 0.9779999852
 340.0000000 0.9779999852
 340.0000000 1.018000007
 345.0000000 1.018000007
 345.0000000 0.9880000353
 350.0000000 0.9880000353
 350.0000000 1.093999982
 355.0000000 1.093999982
 355.0000000 0.9840000272
 360.0000000 0.9840000272
 360.0000000 1.068000078
 365.0000000 1.068000078
 365.0000000 1.286000013
 370.0000000 1.286000013
 370.0000000 1.139999986
 375.0000000 1.139999986
 375.0000000 1.247999907
 380.0000000 1.247999907
 380.0000000 1.014000058
 385.0000000 1.014000058
 385.0000000 1.095999956
 390.0000000 1.095999956
 390.0000000 1.110000014
 395.0000000 1.110000014
 395.0000000 1.324000001
 400.0000000 1.324000001
 400.0000000 1.536000013
 405.0000000 1.536000013
 405.0000000 1.695999861
 410.0000000 1.695999861
 410.0000000 1.762000084
 415.0000000 1.762000084
 415.0000000 1.759999990
 420.0000000 1.759999990
 420.0000000 1.693000078
 430.0000000 1.693000078
 430.0000000 1.694000006
 440.0000000 1.694000006
 440.0000000 1.914999962
 450.0000000 1.914999962
 450.0000000 2.046999931
 460.0000000 2.046999931
 460.0000000 2.049000025
 470.0000000 2.049000025
 470.0000000 2.049000025
 480.0000000 2.049000025
 480.0000000 1.994000077
 490.0000000 1.994000077
 490.0000000 1.954000115
 500.0000000 1.954000115
 500.0000000 2.046999931
 510.0000000 2.046999931
 510.0000000 1.845000029
 520.0000000 1.845000029
 520.0000000 1.845000029
 530.0000000 1.845000029
 530.0000000 1.814999938
 540.0000000 1.814999938
 540.0000000 1.754000068
 550.0000000 1.754000068
 550.0000000 1.714999914
 560.0000000 1.714999914
 560.0000000 1.704000115
 570.0000000 1.704000115
 570.0000000 1.715999961
 580.0000000 1.715999961
 580.0000000 1.695999861
 600.0000000 1.695999861
 600.0000000 1.633499861
 620.0000000 1.633499861
 620.0000000 1.571500063
 640.0000000 1.571500063
 640.0000000 1.513000011
 660.0000000 1.513000011
 660.0000000 1.456499934
 680.0000000 1.456499934
 680.0000000 1.399999976
 700.0000000 1.399999976
