CB6 : HONO NASA2006
! j(HONO) NASA(2006)
! HONO = NO + OH                           
!From http://jpldataeval.jpl.nasa.gov/pdf/Jpl15_Sectn4_PhotoChemData.pdf
!Table 4-23 and 4-24 11/20/2006
!These are point values                                            
!WL(um)        XSEC(cm2)        QY             
  0.2700   3.7000E-20    1.0000          
  0.2720   3.0000E-20    1.0000          
  0.2740   2.5000E-20    1.0000          
  0.2960   3.2600E-21    1.0000          
  0.2970   5.6500E-21    1.0000          
  0.2980   5.1700E-21    1.0000          
  0.2990   4.2900E-21    1.0000          
  0.3000   6.1700E-21    1.0000          
  0.3010   6.9000E-21    1.0000          
  0.3020   5.7900E-21    1.0000          
  0.3030   9.2500E-21    1.0000          
  0.3040   1.0400E-20    1.0000          
  0.3050   1.5700E-20    1.0000          
  0.3060   1.2900E-20    1.0000          
  0.3070   9.1600E-21    1.0000          
  0.3080   1.4500E-20    1.0000          
  0.3090   2.0100E-20    1.0000          
  0.3100   1.5100E-20    1.0000          
  0.3110   2.0700E-20    1.0000          
  0.3120   2.4200E-20    1.0000          
  0.3130   2.2500E-20    1.0000          
  0.3140   3.3500E-20    1.0000          
  0.3150   2.5400E-20    1.0000          
  0.3160   1.6100E-20    1.0000          
  0.3170   3.2100E-20    1.0000          
  0.3180   4.4900E-20    1.0000          
  0.3190   3.1900E-20    1.0000          
  0.3200   4.6600E-20    1.0000          
  0.3210   5.9600E-20    1.0000          
  0.3220   4.0500E-20    1.0000          
  0.3230   4.5600E-20    1.0000          
  0.3240   5.8900E-20    1.0000          
  0.3250   4.0500E-20    1.0000          
  0.3260   2.6500E-20    1.0000          
  0.3265   3.5500E-20    1.0000          
  0.3270   6.4400E-20    1.0000          
  0.3275   1.0300E-19    1.0000          
  0.3280   9.2200E-20    1.0000          
  0.3285   6.3800E-20    1.0000          
  0.3290   5.2000E-20    1.0000          
  0.3295   6.1200E-20    1.0000          
  0.3300   9.9200E-20    1.0000          
  0.3305   1.5100E-19    1.0000          
  0.3310   1.4300E-19    1.0000          
  0.3315   9.8800E-20    1.0000          
  0.3320   6.9400E-20    1.0000          
  0.3325   6.0000E-20    1.0000          
  0.3330   6.3100E-20    1.0000          
  0.3335   7.1100E-20    1.0000          
  0.3340   8.3500E-20    1.0000          
  0.3345   8.3700E-20    1.0000          
  0.3350   7.7100E-20    1.0000          
  0.3355   6.5500E-20    1.0000          
  0.3360   5.3300E-20    1.0000          
  0.3365   4.3600E-20    1.0000          
  0.3370   4.2300E-20    1.0000          
  0.3375   5.1300E-20    1.0000          
  0.3380   9.3800E-20    1.0000          
  0.3385   1.6500E-19    1.0000          
  0.3390   1.4300E-19    1.0000          
  0.3395   9.9600E-20    1.0000          
  0.3400   7.7900E-20    1.0000          
  0.3405   8.5100E-20    1.0000          
  0.3410   1.6100E-19    1.0000          
  0.3415   3.1500E-19    1.0000          
  0.3420   2.9400E-19    1.0000          
  0.3425   1.8500E-19    1.0000          
  0.3430   1.1400E-19    1.0000          
  0.3435   8.2900E-20    1.0000          
  0.3440   7.5900E-20    1.0000          
  0.3445   8.1800E-20    1.0000          
  0.3450   8.7700E-20    1.0000          
  0.3455   9.1000E-20    1.0000          
  0.3460   9.6400E-20    1.0000          
  0.3465   8.8700E-20    1.0000          
  0.3470   7.8000E-20    1.0000          
  0.3475   7.0600E-20    1.0000          
  0.3480   6.6300E-20    1.0000          
  0.3485   6.2600E-20    1.0000          
  0.3490   6.0000E-20    1.0000          
  0.3495   6.4700E-20    1.0000          
  0.3500   9.0600E-20    1.0000          
  0.3505   1.5000E-19    1.0000          
  0.3510   1.6900E-19    1.0000          
  0.3515   1.4100E-19    1.0000          
  0.3520   1.2400E-19    1.0000          
  0.3525   1.2800E-19    1.0000          
  0.3530   1.6300E-19    1.0000          
  0.3535   2.8500E-19    1.0000          
  0.3540   4.8700E-19    1.0000          
  0.3545   4.4300E-19    1.0000          
  0.3550   2.7600E-19    1.0000          
  0.3555   1.6400E-19    1.0000          
  0.3560   1.1100E-19    1.0000          
  0.3565   9.3500E-20    1.0000          
  0.3570   9.4500E-20    1.0000          
  0.3575   1.0100E-19    1.0000          
  0.3580   9.8400E-20    1.0000          
  0.3585   9.0200E-20    1.0000          
  0.3590   8.3700E-20    1.0000          
  0.3595   7.6700E-20    1.0000          
  0.3600   6.8700E-20    1.0000          
  0.3605   6.3200E-20    1.0000          
  0.3610   6.0500E-20    1.0000          
  0.3615   5.9500E-20    1.0000          
  0.3620   5.9800E-20    1.0000          
  0.3625   6.3500E-20    1.0000          
  0.3630   7.3900E-20    1.0000          
  0.3635   9.2200E-20    1.0000          
  0.3640   1.1500E-19    1.0000          
  0.3645   1.2700E-19    1.0000          
  0.3650   1.2800E-19    1.0000          
  0.3655   1.3200E-19    1.0000          
  0.3660   1.4800E-19    1.0000          
  0.3665   1.8400E-19    1.0000          
  0.3670   2.5100E-19    1.0000          
  0.3675   3.5200E-19    1.0000          
  0.3680   4.3600E-19    1.0000          
  0.3685   4.1400E-19    1.0000          
  0.3690   3.1500E-19    1.0000          
  0.3695   2.1700E-19    1.0000          
  0.3699   1.5100E-19    1.0000          
  0.3701   9.4900E-20    1.0000          
  0.3720   7.9600E-20    1.0000          
  0.3730   6.3000E-20    1.0000          
  0.3740   4.5900E-20    1.0000          
  0.3750   3.5500E-20    1.0000          
  0.3760   3.3600E-20    1.0000          
  0.3770   3.6600E-20    1.0000          
  0.3780   4.3300E-20    1.0000          
  0.3790   5.6600E-20    1.0000          
  0.3800   7.2100E-20    1.0000          
  0.3810   9.1300E-20    1.0000          
  0.3820   1.2400E-19    1.0000          
  0.3830   1.7000E-19    1.0000          
  0.3840   1.9500E-19    1.0000          
  0.3850   1.6100E-19    1.0000          
  0.3860   1.0500E-19    1.0000          
  0.3870   6.5900E-20    1.0000          
  0.3880   4.3000E-20    1.0000          
  0.3890   2.8100E-20    1.0000          
  0.3900   1.7100E-20    1.0000          
  0.3910   9.9200E-21    1.0000          
  0.3920   7.3100E-21    1.0000          
  0.3930   5.9700E-21    1.0000          
  0.3940   5.2800E-21    1.0000          
  0.3950   4.0300E-21    1.0000          
  0.3960   2.3700E-21    1.0000          
  0.3970   7.1000E-22    1.0000          
  0.3980   0.0000E+00    1.0000          
                                         
