CB6 : NO2 NASA2006
! j(NO2)  NASA(2006)                      
! NO2 = NO + O                             
! From http://jpldataeval.jpl.nasa.gov/pdf/Jpl15_Sectn4_PhotoChemData.pdf
! Table 4-12 and 4-13 11/20/2006
! These are point values
!WL(um)        XSEC(cm2)        QY             
  0.2797   5.2100E-20    1.0000          
  0.2837   6.2300E-20    1.0000          
  0.2878   7.5900E-20    1.0000          
  0.2920   9.5100E-20    1.0000          
  0.2963   1.1500E-19    1.0000          
  0.3008   1.3200E-19    1.0000          
  0.3054   1.6100E-19    1.0000          
  0.3101   1.8800E-19    1.0000          
  0.3150   2.1600E-19    1.0000          
  0.3200   2.5300E-19    1.0000          
  0.3250   2.8700E-19    1.0000          
  0.3300   3.1700E-19    1.0000          
  0.3350   3.5800E-19    1.0000          
  0.3400   4.0200E-19    1.0000          
  0.3450   4.1800E-19    1.0000          
  0.3500   4.6200E-19    1.0000          
  0.3550   4.9700E-19    1.0000          
  0.3600   5.0900E-19    1.0000          
  0.3650   5.4900E-19    1.0000          
  0.3700   5.6100E-19    1.0000          
  0.3750   5.9000E-19    1.0000          
  0.3800   5.9300E-19    1.0000          
  0.3850   6.0100E-19    1.0000          
  0.3900   6.3000E-19    1.0000          
  0.3950   5.9700E-19    1.0000          
  0.3980   6.2500E-19    1.0000          
  0.3990   6.3500E-19    0.9500          
  0.4000   6.4400E-19    0.8800          
  0.4010   6.3200E-19    0.7500          
  0.4020   6.1900E-19    0.6200          
  0.4030   6.0700E-19    0.5300          
  0.4040   5.9400E-19    0.4400          
  0.4050   5.8200E-19    0.3700          
  0.4060   5.9000E-19    0.3000          
  0.4070   5.9900E-19    0.2600          
  0.4080   6.0700E-19    0.2200          
  0.4090   6.1600E-19    0.1800          
  0.4100   6.2400E-19    0.1500          
  0.4110   6.1700E-19    0.1300          
  0.4120   6.1100E-19    0.1100          
  0.4130   6.0400E-19    0.0900          
  0.4140   5.9800E-19    0.0800          
  0.4150   5.9100E-19    0.0600          
  0.4160   5.9300E-19    0.0500          
  0.4170   5.9400E-19    0.0400          
  0.4180   5.9600E-19    0.0300          
  0.4190   5.9700E-19    0.0200          
  0.4200   5.9900E-19    0.0200          
  0.4220   5.8700E-19    0.0100          
  0.4240   5.7600E-19    0.0000          
                                         
