CB6 : NO3_NO IUPAC2010
! j(NO3_NO) IUPAC(2010)
! NO3 = NO + O2
! From IUPAC Subcommittee on Gas Kinetic Data Evaluation
! Data Sheet PNOx5, updated 16th Jul, 2001
! These are point values
!WL(um)        XSEC(cm2)        QY
0.587   4.16E-18    0.0
0.588   5.04E-18    1.0
0.589   6.13E-18    1.0
0.590   5.96E-18    1.0
0.591   5.44E-18    1.0
0.592   5.11E-18    1.0
0.593   4.58E-18    1.0
0.594   4.19E-18    1.0
0.595   4.29E-18    1.0
0.596   4.62E-18    1.0
0.597   4.36E-18    1.0
0.598   3.67E-18    1.0
0.599   3.10E-18    1.0
0.600   2.76E-18    1.0
0.601   2.86E-18    1.0
0.602   3.32E-18    1.0
0.603   3.80E-18    1.0
0.604   4.37E-18    1.0
0.605   4.36E-18    1.0
0.606   3.32E-18    1.0
0.607   2.40E-18    1.0
0.608   1.85E-18    1.0
0.609   1.71E-18    1.0
0.610   1.77E-18    1.0
0.611   1.91E-18    1.0
0.612   2.23E-18    1.0
0.613   2.63E-18    1.0
0.614   2.55E-18    1.0
0.615   2.26E-18    1.0
0.616   2.09E-18    1.0
0.617   2.11E-18    1.0
0.618   2.39E-18    1.0
0.619   2.56E-18    1.0
0.620   3.27E-18    1.0
0.621   5.24E-18    1.0
0.622   1.02E-17    1.0
0.623   1.47E-17    1.0
0.624   1.21E-17    1.0
0.625   8.38E-18    1.0
0.626   7.30E-18    1.0
0.627   7.53E-18    1.0
0.628   7.37E-18    1.0
0.629   6.98E-18    1.0
0.630   6.76E-18    1.0
0.631   4.84E-18    1.0
0.632   3.27E-18    1.0
0.633   2.17E-18    1.0
0.634   1.64E-18    1.0
0.635   1.44E-18    1.0
0.636   1.69E-18    1.0
0.637   2.07E-18    1.0
0.638   2.03E-18    1.0
0.639   1.58E-18    1.0
0.640   1.23E-18    1.0
0.641   1.00E-18    1.0
0.642   9.20E-19    1.0
0.643   9.70E-19    1.0
0.644   9.50E-19    1.0
0.645   8.60E-19    1.0
0.646   7.50E-19    1.0
0.647   7.00E-19    1.0
0.648   6.20E-19    1.0
0.649   5.40E-19    1.0
0.650   5.00E-19    1.0
0.651   5.50E-19    1.0
0.652   6.10E-19    1.0
0.653   7.10E-19    1.0
0.654   8.20E-19    1.0
0.655   9.80E-19    1.0
0.656   1.33E-18    1.0
0.657   1.71E-18    1.0
0.658   2.42E-18    1.0
0.659   4.07E-18    1.0
0.660   7.45E-18    1.0
0.661   1.45E-17    1.0
0.662   2.10E-17    1.0
0.663   1.74E-17    1.0
0.664   1.13E-17    1.0
0.665   7.41E-18    1.0
0.666   4.96E-18    1.0
0.667   3.04E-18    1.0
0.668   1.90E-18    1.0
0.669   1.25E-18    1.0
0.670   9.50E-19    1.0
0.671   7.90E-19    1.0
0.672   7.60E-19    1.0
0.673   6.40E-19    1.0
0.674   5.20E-19    1.0
0.675   4.80E-19    1.0
0.676   4.90E-19    1.0
0.677   5.90E-19    1.0
0.678   7.50E-19    1.0
0.679   7.80E-19    1.0
0.680   6.90E-19    1.0
0.681   5.30E-19    1.0
0.682   4.00E-19    1.0
0.683   3.00E-19    1.0
0.684   2.60E-19    1.0
0.685   1.80E-19    1.0
0.686   1.60E-19    1.0
0.687   1.20E-19    1.0
0.688   1.20E-19    1.0
0.689   1.20E-19    1.0
0.690   1.00E-19    1.0
0.691   0.00E+00    1.0
