221.110	1.027E-21
223.040	1.020E-21
225.940	1.277E-21
228.370	1.802E-21
231.760	2.590E-21
235.630	3.376E-21
238.070	4.701E-21
241.960	6.287E-21
245.380	8.408E-21
248.810	1.080E-20
252.260	1.425E-20
255.700	1.744E-20
257.680	1.983E-20
259.160	2.169E-20
261.130	2.355E-20
263.100	2.568E-20
264.100	2.728E-20
265.090	2.861E-20
266.090	2.994E-20
267.570	3.153E-20
269.530	3.313E-20
270.530	3.499E-20
271.530	3.659E-20
272.510	3.765E-20
275.440	3.897E-20
276.910	4.030E-20
278.390	4.189E-20
279.380	4.322E-20
280.840	4.375E-20
281.810	4.412E-20
282.770	4.401E-20
284.220	4.391E-20
285.190	4.400E-20
286.640	4.427E-20
288.100	4.479E-20
289.550	4.502E-20
290.030	4.480E-20
290.980	4.452E-20
292.880	4.291E-20
295.260	4.157E-20
296.700	4.103E-20
298.140	4.049E-20
299.070	3.915E-20
300.960	3.728E-20
302.370	3.541E-20
304.730	3.273E-20
307.570	3.006E-20
308.970	2.792E-20
310.370	2.578E-20
312.250	2.337E-20
315.090	2.070E-20
316.970	1.829E-20
319.330	1.588E-20
321.200	1.294E-20
324.030	9.996E-21
328.310	6.780E-21
333.060	3.563E-21
336.410	2.217E-21
340.240	8.703E-22
342.640	3.284E-22
344.570	1.188E-22
346.980	3.130E-23
348.910	1.044E-23
