197.600	5.026E-22
197.680	5.077E-22
197.760	4.919E-22
197.840	4.968E-22
197.920	4.913E-22
198.000	4.963E-22
198.080	4.888E-22
198.160	4.949E-22
198.240	4.894E-22
198.320	4.849E-22
198.400	4.800E-22
198.480	4.781E-22
198.560	4.750E-22
198.640	4.728E-22
198.720	4.736E-22
198.800	4.724E-22
198.880	4.686E-22
198.960	4.690E-22
199.040	4.699E-22
199.120	4.717E-22
199.200	4.693E-22
199.280	4.658E-22
199.360	4.676E-22
199.440	4.637E-22
199.520	4.644E-22
199.600	4.666E-22
199.680	4.637E-22
199.760	4.664E-22
199.840	4.596E-22
199.920	4.539E-22
200.000	4.482E-22
200.080	4.399E-22
200.160	4.393E-22
200.240	4.365E-22
200.320	4.354E-22
200.400	4.319E-22
200.480	4.306E-22
200.560	4.272E-22
200.640	4.280E-22
200.720	4.249E-22
200.800	4.250E-22
200.880	4.230E-22
200.960	4.224E-22
201.040	4.206E-22
201.120	4.312E-22
201.200	4.281E-22
201.280	4.270E-22
201.360	4.246E-22
201.440	4.240E-22
201.520	4.154E-22
201.600	4.144E-22
201.680	4.094E-22
201.760	4.063E-22
201.840	4.048E-22
201.920	4.035E-22
202.000	4.043E-22
202.080	4.032E-22
202.160	4.027E-22
202.240	4.024E-22
202.320	4.039E-22
202.400	4.026E-22
202.480	4.042E-22
202.560	4.058E-22
202.640	4.058E-22
202.720	4.054E-22
202.800	4.050E-22
202.880	4.115E-22
202.960	4.119E-22
203.040	4.083E-22
203.120	4.052E-22
203.200	4.042E-22
203.280	4.027E-22
203.360	4.055E-22
203.440	4.066E-22
203.520	4.058E-22
203.600	4.043E-22
203.680	4.013E-22
203.760	4.010E-22
203.840	4.002E-22
203.920	4.000E-22
204.000	3.972E-22
204.080	3.974E-22
204.160	3.967E-22
204.240	3.974E-22
204.320	3.966E-22
204.400	3.973E-22
204.480	3.952E-22
204.560	3.970E-22
204.640	3.982E-22
204.720	3.941E-22
204.800	3.920E-22
204.880	3.878E-22
204.960	3.920E-22
205.040	3.758E-22
205.120	3.673E-22
205.200	3.850E-22
205.280	3.610E-22
205.360	3.780E-22
205.440	3.775E-22
205.520	3.792E-22
205.600	3.870E-22
205.680	3.706E-22
205.760	3.668E-22
205.840	3.778E-22
205.920	3.752E-22
206.000	3.712E-22
206.080	3.568E-22
206.160	3.707E-22
206.240	3.768E-22
206.320	3.538E-22
206.400	3.643E-22
206.480	3.702E-22
206.560	3.607E-22
206.640	3.633E-22
206.720	3.508E-22
206.800	3.511E-22
206.880	3.578E-22
206.960	3.714E-22
207.040	3.770E-22
207.120	3.373E-22
207.200	3.604E-22
207.280	3.861E-22
207.360	3.892E-22
207.440	3.849E-22
207.520	3.871E-22
207.600	3.765E-22
207.680	3.696E-22
207.760	3.783E-22
207.840	3.277E-22
207.920	3.626E-22
208.000	3.449E-22
208.080	3.769E-22
208.160	3.398E-22
208.240	3.644E-22
208.320	3.843E-22
208.400	3.791E-22
208.480	3.696E-22
208.560	3.925E-22
208.640	4.180E-22
208.720	3.761E-22
208.800	3.771E-22
208.880	4.054E-22
208.960	3.547E-22
209.040	3.957E-22
209.120	3.780E-22
209.200	3.727E-22
209.280	3.905E-22
209.360	3.684E-22
209.440	3.500E-22
209.520	4.006E-22
209.600	3.822E-22
209.680	3.883E-22
209.760	4.250E-22
209.840	3.764E-22
209.920	3.701E-22
210.000	4.122E-22
210.080	3.558E-22
210.160	4.188E-22
210.240	3.932E-22
210.320	3.220E-22
210.400	3.520E-22
210.480	3.791E-22
210.560	3.716E-22
210.640	3.278E-22
210.720	3.277E-22
210.800	4.052E-22
210.880	3.612E-22
210.960	3.303E-22
211.040	3.869E-22
211.120	3.641E-22
211.200	4.111E-22
211.280	4.043E-22
211.360	3.379E-22
211.440	3.880E-22
211.520	4.279E-22
211.600	4.083E-22
211.680	4.373E-22
211.760	3.998E-22
211.840	4.394E-22
211.920	4.214E-22
212.000	4.611E-22
212.080	4.529E-22
212.160	4.121E-22
212.240	4.491E-22
212.320	4.228E-22
212.400	3.979E-22
212.480	4.690E-22
212.560	4.543E-22
212.640	4.895E-22
212.720	4.699E-22
212.800	5.035E-22
212.880	4.731E-22
212.960	4.524E-22
213.040	4.856E-22
213.120	4.651E-22
213.200	4.518E-22
213.280	4.169E-22
213.360	4.436E-22
213.440	4.794E-22
213.520	4.620E-22
213.600	4.545E-22
213.680	4.584E-22
213.760	4.049E-22
213.840	4.179E-22
213.920	4.468E-22
214.000	4.637E-22
214.080	4.181E-22
214.160	4.296E-22
214.240	4.304E-22
214.320	4.298E-22
214.400	4.370E-22
214.480	4.150E-22
214.560	4.157E-22
214.640	4.081E-22
214.720	4.018E-22
214.800	4.648E-22
214.880	4.245E-22
214.960	4.177E-22
215.040	4.159E-22
215.120	3.850E-22
215.200	4.093E-22
215.280	3.877E-22
215.360	4.190E-22
215.440	3.989E-22
215.520	4.113E-22
215.600	4.349E-22
215.680	4.223E-22
215.760	3.868E-22
215.840	4.133E-22
215.920	4.342E-22
216.000	4.289E-22
216.080	4.344E-22
216.160	4.157E-22
216.240	4.159E-22
216.320	4.217E-22
216.400	4.177E-22
216.480	4.225E-22
216.560	4.134E-22
216.640	4.160E-22
216.720	4.067E-22
216.800	4.434E-22
216.880	4.307E-22
216.960	4.393E-22
217.040	4.109E-22
217.120	4.638E-22
217.200	4.315E-22
217.280	4.292E-22
217.360	4.479E-22
217.440	4.498E-22
217.520	4.451E-22
217.600	4.648E-22
217.680	4.471E-22
217.760	4.375E-22
217.840	4.783E-22
217.920	4.753E-22
218.000	4.620E-22
218.080	4.642E-22
218.160	4.560E-22
218.240	4.875E-22
218.320	4.931E-22
218.400	4.488E-22
218.480	4.773E-22
218.560	4.559E-22
218.640	4.642E-22
218.720	4.992E-22
218.800	4.674E-22
218.880	5.538E-22
218.960	5.086E-22
219.040	4.781E-22
219.120	5.033E-22
219.200	5.242E-22
219.280	4.920E-22
219.360	5.075E-22
219.440	5.084E-22
219.520	5.394E-22
219.600	5.506E-22
219.680	5.708E-22
219.760	5.474E-22
219.840	5.297E-22
219.920	5.457E-22
220.000	5.411E-22
220.080	5.286E-22
220.160	5.257E-22
220.240	5.634E-22
220.320	5.594E-22
220.400	5.671E-22
220.480	5.582E-22
220.560	5.839E-22
220.640	5.508E-22
220.720	5.929E-22
220.800	5.526E-22
220.880	5.480E-22
220.960	5.311E-22
221.040	5.743E-22
221.120	6.039E-22
221.200	5.783E-22
221.280	6.079E-22
221.360	6.316E-22
221.440	6.226E-22
221.520	6.128E-22
221.600	6.257E-22
221.680	6.236E-22
221.760	6.585E-22
221.840	6.453E-22
221.920	6.324E-22
222.000	6.646E-22
222.080	6.772E-22
222.160	6.661E-22
222.240	6.634E-22
222.320	7.176E-22
222.400	7.082E-22
222.480	6.791E-22
222.560	7.228E-22
222.640	7.044E-22
222.720	7.449E-22
222.800	7.168E-22
222.880	7.343E-22
222.960	7.056E-22
223.040	7.492E-22
223.120	7.227E-22
223.200	7.638E-22
223.280	8.045E-22
223.360	7.728E-22
223.440	7.935E-22
223.520	7.920E-22
223.600	8.185E-22
223.680	8.010E-22
223.760	8.186E-22
223.840	8.139E-22
223.920	8.088E-22
224.000	8.602E-22
224.080	8.473E-22
224.160	8.344E-22
224.240	8.365E-22
224.320	8.422E-22
224.400	8.413E-22
224.480	8.225E-22
224.560	8.593E-22
224.640	8.726E-22
224.720	8.823E-22
224.800	9.416E-22
224.880	8.792E-22
224.960	8.867E-22
225.040	9.117E-22
225.120	9.459E-22
225.200	9.079E-22
225.280	9.383E-22
225.360	9.631E-22
225.440	9.715E-22
225.520	9.368E-22
225.600	9.838E-22
225.680	9.770E-22
225.760	9.871E-22
225.840	9.929E-22
225.920	9.747E-22
226.000	1.009E-21
226.080	1.018E-21
226.160	1.063E-21
226.240	1.043E-21
226.320	1.040E-21
226.400	1.075E-21
226.480	1.064E-21
226.560	1.075E-21
226.640	1.102E-21
226.720	1.101E-21
226.800	1.132E-21
226.880	1.147E-21
226.960	1.134E-21
227.040	1.183E-21
227.120	1.179E-21
227.200	1.190E-21
227.280	1.166E-21
227.360	1.185E-21
227.440	1.248E-21
227.520	1.254E-21
227.600	1.233E-21
227.680	1.255E-21
227.760	1.253E-21
227.840	1.255E-21
227.920	1.316E-21
228.000	1.293E-21
228.080	1.328E-21
228.160	1.322E-21
228.240	1.353E-21
228.320	1.366E-21
228.400	1.360E-21
228.480	1.377E-21
228.560	1.400E-21
228.640	1.379E-21
228.720	1.478E-21
228.800	1.433E-21
228.880	1.460E-21
228.960	1.450E-21
229.040	1.451E-21
229.120	1.525E-21
229.200	1.516E-21
229.280	1.544E-21
229.360	1.525E-21
229.440	1.513E-21
229.520	1.567E-21
229.600	1.568E-21
229.680	1.534E-21
229.760	1.597E-21
229.840	1.627E-21
229.920	1.629E-21
230.000	1.625E-21
230.080	1.637E-21
230.160	1.663E-21
230.240	1.715E-21
230.320	1.700E-21
230.400	1.697E-21
230.480	1.762E-21
230.560	1.735E-21
230.640	1.781E-21
230.720	1.784E-21
230.800	1.805E-21
230.880	1.813E-21
230.960	1.833E-21
231.040	1.834E-21
231.120	1.834E-21
231.200	1.880E-21
231.280	1.892E-21
231.360	1.909E-21
231.440	1.949E-21
231.520	1.978E-21
231.600	1.978E-21
231.680	2.006E-21
231.760	2.039E-21
231.840	1.998E-21
231.920	2.036E-21
232.000	2.073E-21
232.080	2.056E-21
232.160	2.076E-21
232.240	2.102E-21
232.320	2.162E-21
232.400	2.163E-21
232.480	2.186E-21
232.560	2.183E-21
232.640	2.238E-21
232.720	2.253E-21
232.800	2.275E-21
232.880	2.271E-21
232.960	2.277E-21
233.040	2.335E-21
233.120	2.352E-21
233.200	2.364E-21
233.280	2.428E-21
233.360	2.407E-21
233.440	2.407E-21
233.520	2.455E-21
233.600	2.453E-21
233.680	2.475E-21
233.760	2.561E-21
233.840	2.532E-21
233.920	2.515E-21
234.000	2.551E-21
234.080	2.606E-21
234.160	2.599E-21
234.240	2.666E-21
234.320	2.664E-21
234.400	2.677E-21
234.480	2.709E-21
234.560	2.730E-21
234.640	2.747E-21
234.720	2.771E-21
234.800	2.819E-21
234.880	2.926E-21
234.960	3.023E-21
235.040	3.254E-21
235.120	3.147E-21
235.200	3.075E-21
235.280	3.260E-21
235.360	3.027E-21
235.440	3.458E-21
235.520	3.227E-21
235.600	3.531E-21
235.680	3.462E-21
235.760	3.116E-21
235.840	3.278E-21
235.920	3.382E-21
236.000	3.467E-21
236.080	3.395E-21
236.160	3.544E-21
236.240	3.371E-21
236.320	3.588E-21
236.400	3.534E-21
236.480	3.414E-21
236.560	3.642E-21
236.640	3.793E-21
236.720	3.643E-21
236.800	3.674E-21
236.880	3.686E-21
236.960	4.096E-21
237.040	3.937E-21
237.120	3.732E-21
237.200	3.761E-21
237.280	3.821E-21
237.360	3.908E-21
237.440	3.969E-21
237.520	3.912E-21
237.600	4.128E-21
237.680	4.036E-21
237.760	3.960E-21
237.840	4.144E-21
237.920	4.318E-21
238.000	4.037E-21
238.080	4.026E-21
238.160	4.227E-21
238.240	4.518E-21
238.320	4.544E-21
238.400	4.460E-21
238.480	4.236E-21
238.560	4.436E-21
238.640	4.629E-21
238.720	4.564E-21
238.800	4.495E-21
238.880	4.517E-21
238.960	4.431E-21
239.040	4.792E-21
239.120	4.914E-21
239.200	4.629E-21
239.280	4.773E-21
239.360	4.616E-21
239.440	4.954E-21
239.520	4.819E-21
239.600	4.880E-21
239.680	4.676E-21
239.760	5.044E-21
239.840	4.801E-21
239.920	4.902E-21
240.000	5.123E-21
240.080	4.971E-21
240.160	5.150E-21
240.240	5.058E-21
240.320	5.091E-21
240.400	5.141E-21
240.480	5.267E-21
240.560	5.297E-21
240.640	5.595E-21
240.720	5.237E-21
240.800	5.639E-21
240.880	5.573E-21
240.960	5.480E-21
241.040	5.475E-21
241.120	5.748E-21
241.200	5.519E-21
241.280	5.696E-21
241.360	5.516E-21
241.440	5.786E-21
241.520	5.778E-21
241.600	5.627E-21
241.680	5.890E-21
241.760	5.899E-21
241.840	5.916E-21
241.920	5.932E-21
242.000	6.060E-21
242.080	6.178E-21
242.160	6.053E-21
242.240	6.178E-21
242.320	6.008E-21
242.400	6.141E-21
242.480	6.363E-21
242.560	6.536E-21
242.640	6.298E-21
242.720	6.359E-21
242.800	6.403E-21
242.880	6.376E-21
242.960	6.524E-21
243.040	6.621E-21
243.120	6.723E-21
243.200	6.658E-21
243.280	6.640E-21
243.360	6.711E-21
243.440	6.919E-21
243.520	6.977E-21
243.600	6.925E-21
243.680	6.776E-21
243.760	6.873E-21
243.840	6.976E-21
243.920	7.159E-21
244.000	7.008E-21
244.080	7.019E-21
244.160	7.265E-21
244.240	7.365E-21
244.320	7.307E-21
244.400	7.452E-21
244.480	7.024E-21
244.560	7.721E-21
244.640	7.520E-21
244.720	7.639E-21
244.800	7.892E-21
244.880	7.778E-21
244.960	7.707E-21
245.040	7.792E-21
245.120	8.129E-21
245.200	8.137E-21
245.280	8.427E-21
245.360	8.383E-21
245.440	8.277E-21
245.520	8.038E-21
245.600	8.453E-21
245.680	8.675E-21
245.760	8.536E-21
245.840	8.607E-21
245.920	8.656E-21
246.000	8.594E-21
246.080	8.767E-21
246.160	8.658E-21
246.240	8.896E-21
246.320	9.068E-21
246.400	8.945E-21
246.480	9.157E-21
246.560	9.482E-21
246.640	9.052E-21
246.720	9.247E-21
246.800	9.497E-21
246.880	9.526E-21
246.960	9.545E-21
247.040	9.405E-21
247.120	9.645E-21
247.200	9.754E-21
247.280	9.552E-21
247.360	9.688E-21
247.440	9.826E-21
247.520	9.929E-21
247.600	9.890E-21
247.680	1.006E-20
247.760	1.005E-20
247.840	1.000E-20
247.920	1.029E-20
248.000	1.041E-20
248.080	1.015E-20
248.160	1.042E-20
248.240	1.042E-20
248.320	1.049E-20
248.400	1.050E-20
248.480	1.058E-20
248.560	1.061E-20
248.640	1.063E-20
248.720	1.068E-20
248.800	1.076E-20
248.880	1.084E-20
248.960	1.086E-20
249.040	1.085E-20
249.120	1.085E-20
249.200	1.094E-20
249.280	1.118E-20
249.360	1.126E-20
249.440	1.144E-20
249.520	1.129E-20
249.600	1.148E-20
249.680	1.139E-20
249.760	1.151E-20
249.840	1.145E-20
249.920	1.178E-20
250.000	1.172E-20
250.080	1.205E-20
250.160	1.213E-20
250.240	1.204E-20
250.320	1.178E-20
250.400	1.233E-20
250.480	1.213E-20
250.560	1.247E-20
250.640	1.233E-20
250.720	1.253E-20
250.800	1.258E-20
250.880	1.252E-20
250.960	1.290E-20
251.040	1.291E-20
251.120	1.319E-20
251.200	1.317E-20
251.280	1.305E-20
251.360	1.329E-20
251.440	1.342E-20
251.520	1.346E-20
251.600	1.351E-20
251.680	1.355E-20
251.760	1.366E-20
251.840	1.378E-20
251.920	1.368E-20
252.000	1.389E-20
252.080	1.418E-20
252.160	1.410E-20
252.240	1.425E-20
252.320	1.459E-20
252.400	1.441E-20
252.480	1.458E-20
252.560	1.430E-20
252.640	1.427E-20
252.720	1.469E-20
252.800	1.474E-20
252.880	1.488E-20
252.960	1.488E-20
253.040	1.542E-20
253.120	1.505E-20
253.200	1.549E-20
253.280	1.550E-20
253.360	1.558E-20
253.440	1.561E-20
253.520	1.572E-20
253.600	1.592E-20
253.680	1.610E-20
253.760	1.565E-20
253.840	1.575E-20
253.920	1.581E-20
254.000	1.598E-20
254.080	1.609E-20
254.160	1.625E-20
254.240	1.649E-20
254.320	1.640E-20
254.400	1.636E-20
254.480	1.660E-20
254.560	1.637E-20
254.640	1.633E-20
254.720	1.633E-20
254.800	1.650E-20
254.880	1.658E-20
254.960	1.689E-20
255.040	1.698E-20
255.120	1.704E-20
255.200	1.696E-20
255.280	1.682E-20
255.360	1.698E-20
255.440	1.717E-20
255.520	1.768E-20
255.600	1.755E-20
255.680	1.753E-20
255.760	1.775E-20
255.840	1.769E-20
255.920	1.773E-20
256.000	1.773E-20
256.080	1.798E-20
256.160	1.807E-20
256.240	1.806E-20
256.320	1.834E-20
256.400	1.846E-20
256.480	1.825E-20
256.560	1.836E-20
256.640	1.849E-20
256.720	1.892E-20
256.800	1.902E-20
256.880	1.912E-20
256.960	1.929E-20
257.040	1.923E-20
257.120	1.935E-20
257.200	1.954E-20
257.280	1.953E-20
257.360	1.992E-20
257.440	1.978E-20
257.520	2.027E-20
257.600	2.028E-20
257.680	2.047E-20
257.760	2.050E-20
257.840	2.051E-20
257.920	2.067E-20
258.000	2.105E-20
258.080	2.098E-20
258.160	2.111E-20
258.240	2.126E-20
258.320	2.136E-20
258.400	2.133E-20
258.480	2.148E-20
258.560	2.185E-20
258.640	2.174E-20
258.720	2.204E-20
258.800	2.210E-20
258.880	2.201E-20
258.960	2.217E-20
259.040	2.238E-20
259.120	2.251E-20
259.200	2.242E-20
259.280	2.255E-20
259.360	2.257E-20
259.440	2.299E-20
259.520	2.279E-20
259.600	2.290E-20
259.680	2.294E-20
259.760	2.308E-20
259.840	2.321E-20
259.920	2.321E-20
260.000	2.328E-20
260.080	2.336E-20
260.160	2.341E-20
260.240	2.337E-20
260.320	2.347E-20
260.400	2.353E-20
260.480	2.341E-20
260.560	2.362E-20
260.640	2.369E-20
260.720	2.397E-20
260.800	2.399E-20
260.880	2.410E-20
260.960	2.408E-20
261.040	2.397E-20
261.120	2.410E-20
261.200	2.405E-20
261.280	2.425E-20
261.360	2.452E-20
261.440	2.442E-20
261.520	2.439E-20
261.600	2.455E-20
261.680	2.462E-20
261.760	2.459E-20
261.840	2.463E-20
261.920	2.467E-20
262.000	2.484E-20
262.080	2.476E-20
262.160	2.472E-20
262.240	2.492E-20
262.320	2.505E-20
262.400	2.512E-20
262.480	2.516E-20
262.560	2.527E-20
262.640	2.529E-20
262.720	2.541E-20
262.800	2.565E-20
262.880	2.578E-20
262.960	2.586E-20
263.040	2.595E-20
263.120	2.612E-20
263.200	2.628E-20
263.280	2.646E-20
263.360	2.656E-20
263.440	2.668E-20
263.520	2.676E-20
263.600	2.713E-20
263.680	2.718E-20
263.760	2.728E-20
263.840	2.745E-20
263.920	2.739E-20
264.000	2.754E-20
264.080	2.778E-20
264.160	2.795E-20
264.240	2.816E-20
264.320	2.823E-20
264.400	2.832E-20
264.480	2.845E-20
264.560	2.878E-20
264.640	2.901E-20
264.720	2.931E-20
264.800	2.957E-20
264.880	2.972E-20
264.960	2.983E-20
265.040	2.996E-20
265.120	3.009E-20
265.200	3.026E-20
265.280	3.047E-20
265.360	3.072E-20
265.440	3.086E-20
265.520	3.096E-20
265.600	3.108E-20
265.680	3.123E-20
265.760	3.136E-20
265.840	3.151E-20
265.920	3.159E-20
266.000	3.165E-20
266.080	3.171E-20
266.160	3.189E-20
266.240	3.204E-20
266.320	3.211E-20
266.400	3.218E-20
266.480	3.216E-20
266.560	3.213E-20
266.640	3.220E-20
266.720	3.236E-20
266.800	3.261E-20
266.880	3.280E-20
266.960	3.285E-20
267.040	3.282E-20
267.120	3.275E-20
267.200	3.272E-20
267.280	3.279E-20
267.360	3.289E-20
267.440	3.302E-20
267.520	3.307E-20
267.600	3.304E-20
267.680	3.302E-20
267.760	3.298E-20
267.840	3.306E-20
267.920	3.315E-20
268.000	3.314E-20
268.080	3.308E-20
268.160	3.302E-20
268.240	3.305E-20
268.320	3.308E-20
268.400	3.313E-20
268.480	3.319E-20
268.560	3.326E-20
268.640	3.326E-20
268.720	3.326E-20
268.800	3.331E-20
268.880	3.341E-20
268.960	3.363E-20
269.040	3.375E-20
269.120	3.381E-20
269.200	3.378E-20
269.280	3.385E-20
269.360	3.395E-20
269.440	3.402E-20
269.520	3.406E-20
269.600	3.411E-20
269.680	3.413E-20
269.760	3.415E-20
269.840	3.427E-20
269.920	3.445E-20
270.000	3.470E-20
270.080	3.487E-20
270.160	3.491E-20
270.240	3.483E-20
270.320	3.482E-20
270.400	3.487E-20
270.480	3.497E-20
270.560	3.515E-20
270.640	3.539E-20
270.720	3.559E-20
270.800	3.575E-20
270.880	3.591E-20
270.960	3.609E-20
271.040	3.630E-20
271.120	3.662E-20
271.200	3.684E-20
271.280	3.707E-20
271.360	3.724E-20
271.440	3.740E-20
271.520	3.755E-20
271.600	3.780E-20
271.680	3.812E-20
271.760	3.827E-20
271.840	3.832E-20
271.920	3.841E-20
272.000	3.856E-20
272.080	3.874E-20
272.160	3.901E-20
272.240	3.913E-20
272.320	3.929E-20
272.400	3.930E-20
272.480	3.937E-20
272.560	3.950E-20
272.640	3.972E-20
272.720	3.988E-20
272.800	4.004E-20
272.880	4.008E-20
272.960	4.016E-20
273.040	4.011E-20
273.120	4.015E-20
273.200	4.056E-20
273.280	4.116E-20
273.360	4.162E-20
273.440	4.166E-20
273.520	4.149E-20
273.600	4.139E-20
273.680	4.139E-20
273.760	4.178E-20
273.840	4.204E-20
273.920	4.219E-20
274.000	4.220E-20
274.080	4.209E-20
274.160	4.188E-20
274.240	4.192E-20
274.320	4.205E-20
274.400	4.225E-20
274.480	4.230E-20
274.560	4.214E-20
274.640	4.195E-20
274.720	4.185E-20
274.800	4.180E-20
274.880	4.195E-20
274.960	4.203E-20
275.040	4.201E-20
275.120	4.183E-20
275.200	4.154E-20
275.280	4.155E-20
275.360	4.162E-20
275.440	4.186E-20
275.520	4.203E-20
275.600	4.208E-20
275.680	4.201E-20
275.760	4.166E-20
275.840	4.135E-20
275.920	4.134E-20
276.000	4.148E-20
276.080	4.130E-20
276.160	4.140E-20
276.240	4.168E-20
276.320	4.136E-20
276.400	4.126E-20
276.480	4.091E-20
276.560	4.096E-20
276.640	4.108E-20
276.720	4.104E-20
276.800	4.105E-20
276.880	4.111E-20
276.960	4.100E-20
277.040	4.106E-20
277.120	4.113E-20
277.200	4.118E-20
277.280	4.120E-20
277.360	4.122E-20
277.440	4.127E-20
277.520	4.124E-20
277.600	4.161E-20
277.680	4.116E-20
277.760	4.147E-20
277.840	4.197E-20
277.920	4.194E-20
278.000	4.224E-20
278.080	4.205E-20
278.160	4.255E-20
278.240	4.279E-20
278.320	4.268E-20
278.400	4.291E-20
278.480	4.272E-20
278.560	4.271E-20
278.640	4.243E-20
278.720	4.213E-20
278.800	4.278E-20
278.880	4.325E-20
278.960	4.360E-20
279.040	4.413E-20
279.120	4.387E-20
279.200	4.379E-20
279.280	4.336E-20
279.360	4.380E-20
279.440	4.379E-20
279.520	4.405E-20
279.600	4.404E-20
279.680	4.440E-20
279.760	4.484E-20
279.840	4.461E-20
279.920	4.505E-20
280.000	4.553E-20
280.080	4.617E-20
280.160	4.666E-20
280.240	4.674E-20
280.320	4.645E-20
280.400	4.665E-20
280.480	4.633E-20
280.560	4.630E-20
280.640	4.696E-20
280.720	4.794E-20
280.800	4.767E-20
280.880	4.764E-20
280.960	4.763E-20
281.040	4.679E-20
281.120	4.674E-20
281.200	4.732E-20
281.280	4.741E-20
281.360	4.754E-20
281.440	4.772E-20
281.520	4.744E-20
281.600	4.701E-20
281.680	4.716E-20
281.760	4.710E-20
281.840	4.748E-20
281.920	4.766E-20
282.000	4.737E-20
282.080	4.720E-20
282.160	4.707E-20
282.240	4.720E-20
282.320	4.692E-20
282.400	4.777E-20
282.480	4.838E-20
282.560	4.831E-20
282.640	4.881E-20
282.720	4.793E-20
282.800	4.738E-20
282.880	4.711E-20
282.960	4.752E-20
283.040	4.802E-20
283.120	4.856E-20
283.200	4.833E-20
283.280	4.781E-20
283.360	4.742E-20
283.440	4.720E-20
283.520	4.673E-20
283.600	4.640E-20
283.680	4.665E-20
283.760	4.677E-20
283.840	4.624E-20
283.920	4.634E-20
284.000	4.586E-20
284.080	4.622E-20
284.160	4.606E-20
284.240	4.594E-20
284.320	4.616E-20
284.400	4.578E-20
284.480	4.540E-20
284.560	4.526E-20
284.640	4.505E-20
284.720	4.500E-20
284.800	4.511E-20
284.880	4.561E-20
284.960	4.539E-20
285.040	4.520E-20
285.120	4.520E-20
285.200	4.489E-20
285.280	4.436E-20
285.360	4.436E-20
285.440	4.431E-20
285.520	4.472E-20
285.600	4.509E-20
285.680	4.512E-20
285.760	4.462E-20
285.840	4.406E-20
285.920	4.411E-20
286.000	4.372E-20
286.080	4.421E-20
286.160	4.465E-20
286.240	4.419E-20
286.320	4.441E-20
286.400	4.401E-20
286.480	4.463E-20
286.560	4.480E-20
286.640	4.561E-20
286.720	4.569E-20
286.800	4.605E-20
286.880	4.608E-20
286.960	4.638E-20
287.040	4.561E-20
287.120	4.583E-20
287.200	4.613E-20
287.280	4.685E-20
287.360	4.712E-20
287.440	4.711E-20
287.520	4.674E-20
287.600	4.698E-20
287.680	4.702E-20
287.760	4.773E-20
287.840	4.776E-20
287.920	4.799E-20
288.000	4.811E-20
288.080	4.813E-20
288.160	4.756E-20
288.240	4.733E-20
288.320	4.697E-20
288.400	4.676E-20
288.480	4.690E-20
288.560	4.823E-20
288.640	4.854E-20
288.720	4.843E-20
288.800	4.818E-20
288.880	4.766E-20
288.960	4.797E-20
289.040	4.815E-20
289.120	4.836E-20
289.200	4.874E-20
289.280	4.853E-20
289.360	4.818E-20
289.440	4.796E-20
289.520	4.836E-20
289.600	4.871E-20
289.680	4.971E-20
289.760	5.001E-20
289.840	4.989E-20
289.920	5.050E-20
290.000	5.010E-20
290.080	4.917E-20
290.160	4.920E-20
290.240	4.901E-20
290.320	4.972E-20
290.400	4.982E-20
290.480	4.995E-20
290.560	4.987E-20
290.640	4.956E-20
290.720	4.869E-20
290.800	4.860E-20
290.880	4.805E-20
290.960	4.779E-20
291.040	4.736E-20
291.120	4.794E-20
291.200	4.791E-20
291.280	4.758E-20
291.360	4.761E-20
291.440	4.746E-20
291.520	4.779E-20
291.600	4.800E-20
291.680	4.808E-20
291.760	4.797E-20
291.840	4.704E-20
291.920	4.659E-20
292.000	4.631E-20
292.080	4.624E-20
292.160	4.663E-20
292.240	4.709E-20
292.320	4.777E-20
292.400	4.793E-20
292.480	4.734E-20
292.560	4.697E-20
292.640	4.645E-20
292.720	4.601E-20
292.800	4.543E-20
292.880	4.520E-20
292.960	4.556E-20
293.040	4.552E-20
293.120	4.603E-20
293.200	4.586E-20
293.280	4.544E-20
293.360	4.480E-20
293.440	4.461E-20
293.520	4.423E-20
293.600	4.442E-20
293.680	4.387E-20
293.760	4.343E-20
293.840	4.330E-20
293.920	4.312E-20
294.000	4.303E-20
294.080	4.337E-20
294.160	4.335E-20
294.240	4.349E-20
294.320	4.363E-20
294.400	4.377E-20
294.480	4.365E-20
294.560	4.327E-20
294.640	4.277E-20
294.720	4.255E-20
294.800	4.265E-20
294.880	4.342E-20
294.960	4.390E-20
295.040	4.367E-20
295.120	4.318E-20
295.200	4.260E-20
295.280	4.187E-20
295.360	4.201E-20
295.440	4.231E-20
295.520	4.307E-20
295.600	4.331E-20
295.680	4.334E-20
295.760	4.327E-20
295.840	4.266E-20
295.920	4.250E-20
296.000	4.183E-20
296.080	4.195E-20
296.160	4.212E-20
296.240	4.224E-20
296.320	4.291E-20
296.400	4.299E-20
296.480	4.280E-20
296.560	4.283E-20
296.640	4.319E-20
296.720	4.396E-20
296.800	4.405E-20
296.880	4.467E-20
296.960	4.431E-20
297.040	4.439E-20
297.120	4.324E-20
297.200	4.404E-20
297.280	4.399E-20
297.360	4.459E-20
297.440	4.555E-20
297.520	4.582E-20
297.600	4.546E-20
297.680	4.543E-20
297.760	4.459E-20
297.840	4.357E-20
297.920	4.291E-20
298.000	4.411E-20
298.080	4.511E-20
298.160	4.558E-20
298.240	4.546E-20
298.320	4.417E-20
298.400	4.364E-20
298.480	4.277E-20
298.560	4.282E-20
298.640	4.241E-20
298.720	4.292E-20
298.800	4.286E-20
298.880	4.262E-20
298.960	4.320E-20
299.040	4.286E-20
299.120	4.268E-20
299.200	4.191E-20
299.280	4.286E-20
299.360	4.348E-20
299.440	4.304E-20
299.520	4.316E-20
299.600	4.263E-20
299.680	4.205E-20
299.760	4.137E-20
299.840	4.069E-20
299.920	4.077E-20
300.000	4.119E-20
300.080	4.223E-20
300.160	4.230E-20
300.240	4.221E-20
300.320	4.230E-20
300.400	4.179E-20
300.480	4.155E-20
300.560	4.141E-20
300.640	3.994E-20
300.720	3.938E-20
300.800	4.019E-20
300.880	4.024E-20
300.960	4.047E-20
301.040	4.017E-20
301.120	3.949E-20
301.200	4.003E-20
301.280	3.934E-20
301.360	3.894E-20
301.440	3.921E-20
301.520	3.853E-20
301.600	3.832E-20
301.680	3.807E-20
301.760	3.810E-20
301.840	3.830E-20
301.920	3.860E-20
302.000	3.853E-20
302.080	3.899E-20
302.160	3.920E-20
302.240	3.955E-20
302.320	3.969E-20
302.400	3.900E-20
302.480	3.864E-20
302.560	3.837E-20
302.640	3.735E-20
302.720	3.653E-20
302.800	3.622E-20
302.880	3.680E-20
302.960	3.740E-20
303.040	3.782E-20
303.120	3.821E-20
303.200	3.732E-20
303.280	3.678E-20
303.360	3.609E-20
303.440	3.590E-20
303.520	3.569E-20
303.600	3.533E-20
303.680	3.530E-20
303.760	3.504E-20
303.840	3.480E-20
303.920	3.482E-20
304.000	3.411E-20
304.080	3.377E-20
304.160	3.387E-20
304.240	3.399E-20
304.320	3.423E-20
304.400	3.479E-20
304.480	3.464E-20
304.560	3.398E-20
304.640	3.369E-20
304.720	3.385E-20
304.800	3.392E-20
304.880	3.414E-20
304.960	3.427E-20
305.040	3.467E-20
305.120	3.461E-20
305.200	3.401E-20
305.280	3.400E-20
305.360	3.306E-20
305.440	3.374E-20
305.520	3.402E-20
305.600	3.514E-20
305.680	3.511E-20
305.760	3.534E-20
305.840	3.571E-20
305.920	3.545E-20
306.000	3.448E-20
306.080	3.313E-20
306.160	3.263E-20
306.240	3.198E-20
306.320	3.269E-20
306.400	3.431E-20
306.480	3.481E-20
306.560	3.523E-20
306.640	3.537E-20
306.720	3.426E-20
306.800	3.371E-20
306.880	3.323E-20
306.960	3.267E-20
307.040	3.288E-20
307.120	3.270E-20
307.200	3.274E-20
307.280	3.262E-20
307.360	3.331E-20
307.440	3.298E-20
307.520	3.318E-20
307.600	3.366E-20
307.680	3.489E-20
307.760	3.458E-20
307.840	3.502E-20
307.920	3.438E-20
308.000	3.338E-20
308.080	3.209E-20
308.160	3.103E-20
308.240	3.125E-20
308.320	3.218E-20
308.400	3.263E-20
308.480	3.296E-20
308.560	3.266E-20
308.640	3.252E-20
308.720	3.231E-20
308.800	3.168E-20
308.880	3.146E-20
308.960	3.063E-20
309.040	3.035E-20
309.120	3.011E-20
309.200	3.049E-20
309.280	3.157E-20
309.360	3.132E-20
309.440	3.107E-20
309.520	2.974E-20
309.600	2.875E-20
309.680	2.887E-20
309.760	2.908E-20
309.840	2.866E-20
309.920	2.920E-20
310.000	2.904E-20
310.080	2.915E-20
310.160	2.934E-20
310.240	2.906E-20
310.320	2.797E-20
310.400	2.760E-20
310.480	2.836E-20
310.560	2.854E-20
310.640	2.877E-20
310.720	2.869E-20
310.800	2.905E-20
310.880	2.860E-20
310.960	2.796E-20
311.040	2.696E-20
311.120	2.696E-20
311.200	2.579E-20
311.280	2.602E-20
311.360	2.611E-20
311.440	2.612E-20
311.520	2.654E-20
311.600	2.597E-20
311.680	2.632E-20
311.760	2.530E-20
311.840	2.533E-20
311.920	2.421E-20
312.000	2.361E-20
312.080	2.384E-20
312.160	2.435E-20
312.240	2.469E-20
312.320	2.476E-20
312.400	2.488E-20
312.480	2.471E-20
312.560	2.448E-20
312.640	2.520E-20
312.720	2.539E-20
312.800	2.465E-20
312.880	2.478E-20
312.960	2.463E-20
313.040	2.379E-20
313.120	2.336E-20
313.200	2.287E-20
313.280	2.303E-20
313.360	2.328E-20
313.440	2.354E-20
313.520	2.441E-20
313.600	2.612E-20
313.680	2.629E-20
313.760	2.695E-20
313.840	2.701E-20
313.920	2.601E-20
314.000	2.492E-20
314.080	2.411E-20
314.160	2.300E-20
314.240	2.239E-20
314.320	2.172E-20
314.400	2.162E-20
314.480	2.178E-20
314.560	2.188E-20
314.640	2.210E-20
314.720	2.213E-20
314.800	2.169E-20
314.880	2.161E-20
314.960	2.216E-20
315.040	2.230E-20
315.120	2.304E-20
315.200	2.244E-20
315.280	2.181E-20
315.360	2.137E-20
315.440	2.094E-20
315.520	2.001E-20
315.600	1.995E-20
315.680	1.915E-20
315.760	1.842E-20
315.840	1.899E-20
315.920	1.903E-20
316.000	1.928E-20
316.080	1.961E-20
316.160	2.017E-20
316.240	2.008E-20
316.320	2.060E-20
316.400	2.102E-20
316.480	2.094E-20
316.560	2.132E-20
316.640	2.137E-20
316.720	2.131E-20
316.800	2.115E-20
316.880	2.007E-20
316.960	1.935E-20
317.040	1.882E-20
317.120	1.872E-20
317.200	1.934E-20
317.280	2.056E-20
317.360	2.146E-20
317.440	2.185E-20
317.520	2.223E-20
317.600	2.198E-20
317.680	2.096E-20
317.760	1.959E-20
317.840	1.817E-20
317.920	1.799E-20
318.000	1.833E-20
318.080	1.861E-20
318.160	1.906E-20
318.240	1.962E-20
318.320	1.955E-20
318.400	1.991E-20
318.480	1.960E-20
318.560	2.014E-20
318.640	1.977E-20
318.720	1.990E-20
318.800	1.959E-20
318.880	1.934E-20
318.960	1.915E-20
319.040	1.824E-20
319.120	1.784E-20
319.200	1.717E-20
319.280	1.694E-20
319.360	1.690E-20
319.440	1.752E-20
319.520	1.740E-20
319.600	1.766E-20
319.680	1.780E-20
319.760	1.815E-20
319.840	1.799E-20
319.920	1.858E-20
320.000	1.678E-20
320.080	1.627E-20
320.160	1.526E-20
320.240	1.586E-20
320.320	1.648E-20
320.400	1.596E-20
320.480	1.614E-20
320.560	1.502E-20
320.640	1.486E-20
320.720	1.408E-20
320.800	1.415E-20
320.880	1.323E-20
320.960	1.355E-20
321.040	1.356E-20
321.120	1.314E-20
321.200	1.375E-20
321.280	1.466E-20
321.360	1.467E-20
321.440	1.441E-20
321.520	1.420E-20
321.600	1.361E-20
321.680	1.301E-20
321.760	1.392E-20
321.840	1.381E-20
321.920	1.356E-20
322.000	1.337E-20
322.080	1.340E-20
322.160	1.312E-20
322.240	1.352E-20
322.320	1.237E-20
322.400	1.204E-20
322.480	1.205E-20
322.560	1.206E-20
322.640	1.174E-20
322.720	1.225E-20
322.800	1.207E-20
322.880	1.205E-20
322.960	1.240E-20
323.040	1.201E-20
323.120	1.166E-20
323.200	1.096E-20
323.280	1.094E-20
323.360	1.063E-20
323.440	1.142E-20
323.520	1.139E-20
323.600	1.142E-20
323.680	1.115E-20
323.760	1.130E-20
323.840	1.085E-20
323.920	1.040E-20
324.000	1.022E-20
324.080	1.041E-20
324.160	9.641E-21
324.240	9.051E-21
324.320	9.063E-21
324.400	9.320E-21
324.480	9.657E-21
324.560	9.215E-21
324.640	9.345E-21
324.720	1.012E-20
324.800	1.038E-20
324.880	1.140E-20
324.960	1.159E-20
325.040	1.218E-20
325.120	1.245E-20
325.200	1.258E-20
325.280	1.174E-20
325.360	1.098E-20
325.440	1.051E-20
325.520	9.788E-21
325.600	9.345E-21
325.680	9.542E-21
325.760	9.282E-21
325.840	9.256E-21
325.920	9.123E-21
326.000	9.922E-21
326.080	1.032E-20
326.160	1.106E-20
326.240	1.124E-20
326.320	1.113E-20
326.400	1.121E-20
326.480	1.079E-20
326.560	1.058E-20
326.640	9.575E-21
326.720	8.906E-21
326.800	8.379E-21
326.880	7.991E-21
326.960	7.563E-21
327.040	6.801E-21
327.120	6.488E-21
327.200	6.276E-21
327.280	6.380E-21
327.360	6.108E-21
327.440	6.712E-21
327.520	7.046E-21
327.600	7.635E-21
327.680	8.064E-21
327.760	7.890E-21
327.840	8.221E-21
327.920	7.989E-21
328.000	7.781E-21
328.080	7.556E-21
328.160	6.764E-21
328.240	5.892E-21
328.320	5.699E-21
328.400	5.458E-21
328.480	5.230E-21
328.560	5.438E-21
328.640	5.386E-21
328.720	5.892E-21
328.800	5.859E-21
328.880	5.979E-21
328.960	6.546E-21
329.040	6.700E-21
329.120	7.369E-21
329.200	7.820E-21
329.280	7.768E-21
329.360	8.006E-21
329.440	8.066E-21
329.520	6.898E-21
329.600	6.149E-21
329.680	5.873E-21
329.760	5.251E-21
329.840	5.062E-21
329.920	5.225E-21
330.000	5.849E-21
330.080	6.584E-21
330.160	6.632E-21
330.240	6.805E-21
330.320	7.548E-21
330.400	7.352E-21
330.480	7.120E-21
330.560	6.696E-21
330.640	5.563E-21
330.720	5.202E-21
330.800	5.762E-21
330.880	5.655E-21
330.960	5.161E-21
331.040	5.299E-21
331.120	5.109E-21
331.200	4.977E-21
331.280	4.391E-21
331.360	4.137E-21
331.440	4.173E-21
331.520	5.232E-21
331.600	5.562E-21
331.680	4.965E-21
331.760	6.387E-21
331.840	6.433E-21
331.920	6.053E-21
332.000	5.869E-21
332.080	4.853E-21
332.160	4.369E-21
332.240	4.230E-21
332.320	4.129E-21
332.400	3.768E-21
332.480	3.386E-21
332.560	3.250E-21
332.640	3.121E-21
332.720	2.959E-21
332.800	2.899E-21
332.880	2.870E-21
332.960	3.043E-21
333.040	3.342E-21
333.120	3.647E-21
333.200	3.762E-21
333.280	4.558E-21
333.360	4.775E-21
333.440	4.770E-21
333.520	4.451E-21
333.600	4.432E-21
333.680	4.244E-21
333.760	3.705E-21
333.840	3.498E-21
333.920	2.997E-21
334.000	2.882E-21
334.080	2.839E-21
334.160	2.653E-21
334.240	2.490E-21
334.320	2.660E-21
334.400	2.805E-21
334.480	2.602E-21
334.560	2.708E-21
334.640	3.102E-21
334.720	2.776E-21
334.800	3.297E-21
334.880	3.678E-21
334.960	3.790E-21
335.040	3.918E-21
335.120	3.773E-21
335.200	3.761E-21
335.280	3.697E-21
335.360	3.269E-21
335.440	2.796E-21
335.520	2.764E-21
335.600	2.610E-21
335.680	2.312E-21
335.760	2.330E-21
335.840	2.225E-21
335.920	2.119E-21
336.000	1.896E-21
336.080	1.873E-21
336.160	1.808E-21
336.240	1.797E-21
336.320	1.954E-21
336.400	2.177E-21
336.480	2.212E-21
336.560	2.299E-21
336.640	2.142E-21
336.720	2.144E-21
336.800	2.097E-21
336.880	2.292E-21
336.960	2.171E-21
337.040	2.050E-21
337.120	2.120E-21
337.200	2.082E-21
337.280	2.161E-21
337.360	2.089E-21
337.440	2.125E-21
337.520	2.060E-21
337.600	1.908E-21
337.680	1.764E-21
337.760	1.730E-21
337.840	1.753E-21
337.920	1.585E-21
338.000	1.515E-21
338.080	1.612E-21
338.160	1.946E-21
338.240	2.279E-21
338.320	2.289E-21
338.400	2.090E-21
338.480	2.301E-21
338.560	2.725E-21
338.640	2.310E-21
338.720	2.435E-21
338.800	2.325E-21
338.880	2.171E-21
338.960	2.076E-21
339.040	1.838E-21
339.120	1.891E-21
339.200	1.936E-21
339.280	1.906E-21
339.360	1.780E-21
339.440	1.710E-21
339.520	1.800E-21
339.600	1.703E-21
339.680	1.700E-21
339.760	1.640E-21
339.840	1.647E-21
339.920	1.636E-21
340.000	1.420E-21
340.080	1.366E-21
340.160	1.241E-21
340.240	1.135E-21
340.320	1.091E-21
340.400	1.072E-21
340.480	1.045E-21
340.560	9.766E-22
340.640	8.799E-22
340.720	8.965E-22
340.800	8.356E-22
340.880	7.644E-22
340.960	7.133E-22
341.040	6.802E-22
341.120	6.602E-22
341.200	5.846E-22
341.280	5.587E-22
341.360	5.357E-22
341.440	4.892E-22
341.520	4.679E-22
341.600	4.519E-22
341.680	4.389E-22
341.760	4.136E-22
341.840	4.143E-22
341.920	3.945E-22
342.000	3.496E-22
342.080	3.799E-22
342.160	3.971E-22
342.240	4.029E-22
342.320	3.928E-22
342.400	3.538E-22
342.480	3.868E-22
342.560	3.449E-22
342.640	3.353E-22
342.720	3.166E-22
342.800	3.057E-22
342.880	2.991E-22
342.960	2.976E-22
343.040	2.925E-22
343.120	3.117E-22
343.200	2.758E-22
343.280	2.801E-22
343.360	2.586E-22
343.440	2.681E-22
343.520	2.303E-22
343.600	2.153E-22
343.680	2.221E-22
343.760	2.227E-22
343.840	2.153E-22
343.920	2.307E-22
344.000	2.540E-22
344.080	2.648E-22
344.160	2.771E-22
344.240	2.946E-22
344.320	2.663E-22
344.400	2.797E-22
344.480	2.649E-22
344.560	2.673E-22
344.640	2.272E-22
344.720	2.299E-22
344.800	2.070E-22
344.880	2.286E-22
344.960	2.156E-22
345.040	2.056E-22
345.120	2.080E-22
345.200	1.842E-22
345.280	1.830E-22
345.360	1.736E-22
345.440	1.789E-22
345.520	1.517E-22
345.600	1.695E-22
345.680	1.641E-22
345.760	1.757E-22
345.840	1.842E-22
345.920	1.797E-22
346.000	1.930E-22
346.080	1.979E-22
346.160	2.008E-22
346.240	2.027E-22
346.320	2.013E-22
346.400	2.071E-22
346.480	1.885E-22
346.560	1.738E-22
346.640	1.704E-22
346.720	1.489E-22
346.800	1.610E-22
346.880	1.353E-22
346.960	1.344E-22
347.040	1.341E-22
347.120	1.260E-22
347.200	1.278E-22
347.280	1.459E-22
347.360	1.416E-22
347.440	1.282E-22
347.520	1.521E-22
347.600	1.470E-22
347.680	1.471E-22
347.760	1.426E-22
347.840	1.496E-22
347.920	1.417E-22
348.000	1.720E-22
348.080	1.614E-22
348.160	1.607E-22
348.240	1.581E-22
348.320	1.596E-22
348.400	1.356E-22
348.480	1.361E-22
348.560	1.315E-22
348.640	1.226E-22
348.720	1.350E-22
348.800	1.174E-22
348.880	1.205E-22
348.960	1.083E-22
349.040	9.273E-23
349.120	9.023E-23
349.200	9.145E-23
349.280	9.869E-23
349.360	9.238E-23
349.440	9.691E-23
349.520	1.002E-22
349.600	1.119E-22
349.680	1.026E-22
349.760	9.730E-23
349.840	9.189E-23
349.920	1.123E-22
350.000	1.037E-22
350.080	9.982E-23
350.160	7.929E-23
350.240	6.847E-23
350.320	7.440E-23
350.400	7.663E-23
350.480	6.927E-23
350.560	7.990E-23
350.640	8.307E-23
350.720	8.350E-23
350.800	6.648E-23
350.880	5.071E-23
350.960	5.260E-23
351.040	6.661E-23
351.120	6.425E-23
351.200	5.661E-23
351.280	6.024E-23
351.360	5.414E-23
351.440	6.140E-23
351.520	6.440E-23
351.600	6.681E-23
351.680	5.253E-23
351.760	5.581E-23
351.840	7.322E-23
351.920	7.121E-23
352.000	6.066E-23
352.080	6.061E-23
352.160	5.338E-23
352.240	5.504E-23
352.320	5.089E-23
352.400	3.945E-23
352.480	4.695E-23
352.560	4.365E-23
352.640	3.121E-23
352.720	5.052E-23
352.800	4.543E-23
352.880	5.744E-23
352.960	4.924E-23
353.040	5.422E-23
353.120	4.290E-23
353.200	5.198E-23
353.280	4.513E-23
353.360	4.570E-23
353.440	4.210E-23
353.520	3.591E-23
353.600	5.242E-23
353.680	2.720E-23
353.760	3.744E-23
353.840	2.084E-23
353.920	4.142E-23
354.000	2.950E-23
354.080	4.511E-23
354.160	3.364E-23
354.240	2.355E-23
354.320	2.781E-23
354.400	4.808E-23
354.480	3.445E-23
354.560	3.415E-23
354.640	4.089E-23
354.720	4.181E-23
354.800	5.466E-23
354.880	4.642E-23
354.960	3.750E-23
355.040	3.584E-23
355.120	3.538E-23
355.200	3.829E-23
355.280	1.885E-23
355.360	4.484E-23
355.440	4.143E-23
355.520	2.650E-23
355.600	3.843E-23
355.680	4.035E-23
355.760	5.246E-23
355.840	4.031E-23
355.920	3.811E-23
356.000	3.067E-23
356.080	3.812E-23
356.160	5.098E-23
356.240	2.715E-23
356.320	3.681E-23
356.400	5.113E-23
356.480	2.773E-23
356.560	2.776E-23
356.640	4.418E-23
356.720	3.388E-23
356.800	1.587E-23
356.880	2.581E-23
356.960	2.138E-23
357.040	1.846E-23
357.120	2.506E-23
357.200	2.300E-23
357.280	1.913E-23
357.360	1.653E-23
357.440	3.594E-23
357.520	2.674E-23
357.600	3.827E-23
357.680	1.347E-23
357.760	2.887E-23
357.840	2.329E-23
357.920	2.126E-23
358.000	3.365E-23
358.080	2.855E-23
358.160	9.256E-24
358.240	1.208E-23
358.320	2.260E-23
358.400	1.663E-23
358.480	8.905E-24
358.560	2.860E-23
358.640	2.029E-23
358.720	2.073E-23
358.800	2.375E-23
358.880	-7.843E-24
358.960	1.964E-23
359.040	7.535E-24
359.120	1.158E-23
359.200	1.906E-23
359.280	8.778E-24
359.360	3.267E-23
359.440	9.203E-24
359.520	7.866E-24
359.600	4.005E-24
359.680	2.473E-23
359.760	1.108E-23
359.840	2.339E-23
359.920	1.511E-24
360.000	1.441E-23
360.080	2.356E-23
360.160	7.681E-25
360.240	-8.920E-24
360.320	1.697E-23
360.400	-6.756E-24
360.480	8.713E-24
360.560	1.528E-23
360.640	1.366E-23
360.720	5.968E-24
360.800	-2.353E-24
360.880	2.211E-25
360.960	4.732E-24
361.040	2.492E-23
361.120	1.956E-23
361.200	3.671E-24
361.280	3.104E-23
361.360	-1.742E-23
361.440	2.442E-23
361.520	3.240E-23
361.600	-1.131E-24
361.680	1.981E-24
361.760	1.003E-23
