CH3COCHO + hv ---> CH3CO + HCO
! From IUPAC Subcommittee on Gas Kinetic Data Evaluation
! Data Sheet P6_CH3COCHO+hv.pdf, updated 16th Jan, 2003
! Website: http://www.iupac-kinetic.ch.cam.ac.uk/
!
! These are point values
! Units: wavelength/[um], cross-section/[cm^2]
!
LFAC=0.001
275.0  4.413E-20  1.00
280.0  4.877E-20  1.00
285.0  4.719E-20  1.00
290.0  4.838E-20  1.00
295.0  4.362E-20  1.00
300.0  3.754E-20  1.00
305.0  3.361E-20  1.00
310.0  2.365E-20  1.00
315.0  1.891E-20  1.00
320.0  1.511E-20  1.00
325.0  9.380E-21  1.00
330.0  6.520E-21  1.00
335.0  4.820E-21  1.00
340.0  3.230E-21  1.00
345.0  3.000E-21  1.00
350.0  3.940E-21  1.00
355.0  5.600E-21  1.00
360.0  6.950E-21  1.00
365.0  1.077E-20  1.00
370.0  1.475E-20  1.00
375.0  1.911E-20  1.00
380.0  2.429E-20  1.00
385.0  3.221E-20  0.83
390.0  4.029E-20  0.69
395.0  4.732E-20  0.58
400.0  5.664E-20  0.48
401.0  5.900E-20  0.46
402.0  6.070E-20  0.45
403.0  6.350E-20  0.43
404.0  6.540E-20  0.42
405.0  6.910E-20  0.40
406.0  7.200E-20  0.39
407.0  7.580E-20  0.38
408.0  7.940E-20  0.37
409.0  8.120E-20  0.35
410.0  8.520E-20  0.34
411.0  8.630E-20  0.33
412.0  9.070E-20  0.32
413.0  9.370E-20  0.31
414.0  9.620E-20  0.30
415.0  9.680E-20  0.29
416.0  9.710E-20  0.28
417.0  1.004E-19  0.27
418.0  1.007E-19  0.26
419.0  1.012E-19  0.25
420.0  1.021E-19  0.25
421.0  1.034E-19  0.24
422.0  1.051E-19  0.23
423.0  1.045E-19  0.22
424.0  1.015E-19  0.22
425.0  1.034E-19  0.21
426.0  1.024E-19  0.20
427.0  9.840E-20  0.20
428.0  1.001E-19  0.19
429.0  9.940E-20  0.19
430.0  1.041E-19  0.18
431.0  1.053E-19  0.17
432.0  9.790E-20  0.17
433.0  1.064E-19  0.16
434.0  1.054E-19  0.16
435.0  1.081E-19  0.15
436.0  1.113E-19  0.15
437.0  9.990E-20  0.15
438.0  1.059E-19  0.14
439.0  1.101E-19  0.14
440.0  9.940E-20  0.13
441.0  1.039E-19  0.13
442.0  1.020E-19  0.13
443.0  1.017E-19  0.12
444.0  1.117E-19  0.12
445.0  9.610E-20  0.12
446.0  8.900E-20  0.11
447.0  9.840E-20  0.11
448.0  9.180E-20  0.11
449.0  1.013E-19  0.10
450.0  8.670E-20  0.10
451.0  6.340E-20  0.10
452.0  6.330E-20  0.10
453.0  6.080E-20  0.09
454.0  4.460E-20  0.09
455.0  3.690E-20  0.09
456.0  3.080E-20  0.09
457.0  2.460E-20  0.08
458.0  1.810E-20  0.08
459.0  1.280E-20  0.08
460.0  9.140E-21  0.08
461.0  7.950E-21  0.07
462.0  6.420E-21  0.07
463.0  4.790E-21  0.07
464.0  3.320E-21  0.07
465.0  2.680E-21  0.07
466.0  2.270E-21  0.07
467.0  1.870E-21  0.06
468.0  1.600E-21  0.06
469.0  1.330E-21  0.06
470.0  1.080E-21  0.06
